CUTE-1 (CO-55)          
1 27844U 03031E   26071.58462092  .00000437  00000+0  20838-3 0  9991
2 27844  98.6778  81.3475 0010728 104.9211 255.3157 14.24269020177920
CUBESAT XI-IV (CO-57)   
1 27848U 03031J   26071.52490780  .00000374  00000+0  18335-3 0  9993
2 27848  98.6808  81.0787 0010480 121.3489 238.8716 14.23563697177626
CUBESAT XI-V            
1 28895U 05043F   26071.84204078  .00002319  00000+0  37437-3 0  9994
2 28895  98.2837 225.5256 0014893 148.0001 212.2113 14.72336247 87575
CUTE-1.7+APD II (CO-65) 
1 32785U 08021C   26071.89771396  .00007886  00000+0  51033-3 0  9995
2 32785  97.8202  51.4268 0009246   7.8229 352.3141 15.08422231970676
CANX-2                  
1 32790U 08021H   26071.83237539  .00005589  00000+0  39964-3 0  9998
2 32790  97.8547  49.8371 0010968  18.1419 342.0196 15.04830732970311
SEEDS II (CO-66)        
1 32791U 08021J   26071.60401122  .00022620  00000+0  79898-3 0  9990
2 32791  97.7518  65.1556 0000957 346.4462  13.6752 15.29223276972516
SWISSCUBE               
1 35932U 09051B   26071.69360593  .00001487  00000+0  30458-3 0  9996
2 35932  98.4095 337.8898 0007286 144.0492 216.1200 14.62269136875059
BEESAT-1                
1 35933U 09051C   26071.51691407  .00001249  00000+0  26159-3 0  9998
2 35933  98.4025 337.5444 0005513 154.7579 205.3891 14.61540877875062
ITUPSAT1                
1 35935U 09051E   26071.69767748  .00001145  00000+0  24721-3 0  9999
2 35935  98.4111 337.0197 0007476 168.7108 191.4260 14.60275662874658
TISAT 1                 
1 36799U 10035E   26071.76998423  .00024292  00000+0  89613-3 0  9995
2 36799  98.0642  10.1077 0001764 156.4703 203.6615 15.27784488852962
AEROCUBE 4.5A           
1 38767U 12048K   26071.79612833  .00102022  00000+0  10743-2 0  9994
2 38767  64.6383   9.2435 0040412 210.9567 148.9197 15.62694500357470
STRAND-1                
1 39090U 13009E   26071.76711698  .00000461  00000+0  16958-3 0  9997
2 39090  98.3892 254.3823 0009203 152.9578 207.2090 14.37098069683217
BRITE-AUSTRIA           
1 39091U 13009F   26071.46039286  .00000294  00000+0  11477-3 0  9996
2 39091  98.3959 253.2985 0010535 163.0454 197.1086 14.36498146683160
NEE-01 PEGASO           
1 39151U 13018B   26071.84991521  .00003970  00000+0  38596-3 0  9999
2 39151  98.1047 212.9361 0013721 120.3980 239.8596 14.93119535696320
POPACS 2                
1 39269U 13055E   26071.53587664  .00028553  00000+0  49468-3 0  9999
2 39269  80.9895 254.5916 0430144 143.7650 219.3540 14.87994312648824
POPACS 3                
1 39270U 13055F   26071.70779943  .00014638  00000+0  35326-3 0  9990
2 39270  81.0050 333.6569 0559619   3.5604 356.9312 14.54070414624523
ZACUBE-1 (TSHEPISOSAT)  
1 39417U 13066B   26071.46451722  .00004995  00000+0  39525-3 0  9990
2 39417  97.8162  33.3027 0042859 210.7358 149.1354 15.00356925666226
WNISAT-1                
1 39423U 13066H   26071.85687340  .00002067  00000+0  38375-3 0  9997
2 39423  97.7046 227.9343 0163767 174.8902 185.4019 14.57886519652697
TRITON-1                
1 39427U 13066M   26071.84620213  .00003840  00000+0  46633-3 0  9992
2 39427  97.8285 343.8632 0090324 187.3588 172.6305 14.81219290659824
GOMX-1                  
1 39430U 13066Q   26071.82163227  .00002159  00000+0  33043-3 0  9994
2 39430  97.6570 278.3316 0130093  27.5168 333.2847 14.69112316655763
CUBEBUG-2 (LO-74)       
1 39440U 13066AA  26071.84762697  .00006457  00000+0  60655-3 0  9997
2 39440  97.8805  20.5253 0058254 348.4702  11.5178 14.92998447662619
NEE-02 KRYSAOR          
1 39441U 13066AB  26071.74443837  .00003470  00000+0  38559-3 0  9999
2 39441  97.8812  11.7174 0067500  27.1921 333.2803 14.86187284661878
FUNCUBE-1 (AO-73)       
1 39444U 13066AE  26071.29535176  .00008749  00000+0  56408-3 0  9997
2 39444  97.8189  40.8783 0037634 169.9501 190.2488 15.07963577665056
UWE-3                   
1 39446U 13066AG  26071.40481443  .00006038  00000+0  52829-3 0  9991
2 39446  97.8588  26.9469 0048200 282.7822  76.8015 14.96214975663105
BRITE-CA1 (TORONTO)     
1 40020U 14033L   26071.27927016  .00001748  00000+0  27079-3 0  9994
2 40020  97.9571 202.0936 0077993 226.5128 132.9578 14.72473185627955
DUCHIFAT-1              
1 40021U 14033M   26071.66947214  .00061000  00000+0  10750-2 0  9994
2 40021  98.0637 118.4490 0005901  76.2665 283.9241 15.50204280640732
NANOSATC-BR1            
1 40024U 14033Q   26071.60180204  .00019219  00000+0  70006-3 0  9995
2 40024  98.0845  95.6211 0004917 141.7727 218.3860 15.28246569639217
QB50P1                  
1 40025U 14033R   26071.54716411  .00010767  00000+0  55429-3 0  9995
2 40025  98.1010  76.0232 0008665 184.3820 175.7336 15.16587552638377
QB50P2                  
1 40032U 14033Y   26071.50585005  .00009464  00000+0  52853-3 0  9992
2 40032  98.0737  62.4857 0008898 134.3660 225.8300 15.13730731638034
PERSEUS-M2              
1 40037U 14033AD  26071.83928679  .00002353  00000+0  21964-3 0  9990
2 40037  97.9860  20.5007 0010555 259.1647 100.8385 14.95173621636389
PERSEUS-M1              
1 40039U 14033AF  26071.75232509  .00002148  00000+0  20046-3 0  9995
2 40039  97.9550  14.3792 0010241 256.8998 103.1079 14.95268484636225
POLYITAN-1              
1 40042U 14033AJ  26071.61807428  .00021677  00000+0  75405-3 0  9999
2 40042  98.1049  88.9655 0009521 120.1000 240.1183 15.29696686638818
TIGRISAT                
1 40043U 14033AK  26071.42047465  .00002799  00000+0  32922-3 0  9997
2 40043  97.7677 223.7504 0050204  33.5457 326.8919 14.84744513631264
AEROCUBE 6A             
1 40045U 14033AM  26071.40418156  .00007670  00000+0  66334-3 0  9993
2 40045  97.7131 239.5089 0038485 341.0177  18.9608 14.96889259632138
AEROCUBE 6B             
1 40046U 14033AN  26071.43160287  .00006892  00000+0  57599-3 0  9994
2 40046  97.7123 239.1362 0037470 332.6967  27.2285 14.98280392632269
CANX-4                  
1 40055U 14034C   26071.61605189  .00001361  00000+0  18267-3 0  9995
2 40055  98.3272 303.3161 0012163 326.7148  33.3297 14.81070351630239
CANX-5                  
1 40056U 14034D   26071.61559182  .00001366  00000+0  18316-3 0  9997
2 40056  98.3275 303.3533 0012118 326.9380  33.1073 14.81087092621045
UKUBE-1                 
1 40074U 14037F   26071.79428015  .00012073  00000+0  70940-3 0  9997
2 40074  98.4237  65.0723 0003100 107.7998 252.3568 15.11868506633989
BRITE-PL2 (HEWELIUSZ)   
1 40119U 14049B   26071.75358572  .00002283  00000+0  21816-3 0  9996
2 40119  97.8980 183.1015 0015231  71.7393 288.5482 14.94200875627045
AEROCUBE 5C             
1 40965U 15058B   26071.79761057  .00004351  00000+0  38895-3 0  9999
2 40965  64.7674 202.3190 0130463 101.2585 260.3222 14.90886640351288
AEROCUBE 7              
1 40966U 15058C   26071.72776957  .00005221  00000+0  42652-3 0  9991
2 40966  64.7626 186.7619 0120392 100.2701 261.2013 14.94935457351537
FOX-1A (AO-85)          
1 40967U 15058D   26071.74619670  .00004410  00000+0  40081-3 0  9995
2 40967  64.7750 218.5519 0128813  94.6758 266.9079 14.90384801 99195
SINOD-D 1               
1 40968U 15058E   26071.71678436  .00005727  00000+0  46792-3 0  9995
2 40968  64.7756 200.8289 0117160  91.9507 269.5030 14.95092988102238
SNAP-3 ALICE            
1 40970U 15058G   26071.49004061  .00063059  00000+0  13326-2 0  9998
2 40970  64.7557  73.8863 0037138  67.5068 292.9995 15.44048041101889
LMRST-SAT               
1 40971U 15058H   26071.81161262  .00004321  00000+0  39487-3 0  9996
2 40971  64.7753 214.5080 0130872  96.6225 264.9803 14.90018034 99196
SNAP-3 EDDIE            
1 40972U 15058J   26071.67912802  .00072781  00000+0  14784-2 0  9992
2 40972  64.7482  64.6215 0038117  72.6853 287.8450 15.45110965104040
PROPCUBE 3              
1 40973U 15058K   26071.74517582  .00004804  00000+0  40543-3 0  9991
2 40973  64.7689 193.6923 0123381  98.3919 263.1203 14.93562520100392
BISONSAT                
1 40974U 15058L   26071.53161154  .00010495  00000+0  54443-3 0  9996
2 40974  64.7600 125.6053 0078906  89.3356 271.6808 15.13867367100971
SNAP-3 JIMI             
1 40975U 15058M   26071.69613837  .00006970  00000+0  49326-3 0  9991
2 40975  64.7656 164.8048 0105401  95.1451 266.1705 15.01182870 99736
PROPCUBE 1 (FLORA)      
1 40976U 15058N   26071.74573842  .00004351  00000+0  41268-3 0  9997
2 40976  64.7736 234.0020 0129957  98.9361 262.6487 14.88667288101905
SINOD-D 3               
1 40977U 15058P   26071.82602663  .00005764  00000+0  49310-3 0  9996
2 40977  64.7720 216.5441 0118341  96.8453 264.6141 14.93250968100362
HORYU-4                 
1 41340U 16012D   26070.63764773  .00098481  00000+0  10189-2 0  9990
2 41340  30.9918  54.3852 0003454 170.9196 189.1520 15.63295409555410
RAVAN                   
1 41849U 16067B   26071.62023198  .00039754  00000+0  80196-3 0  9997
2 41849  98.0040 310.6382 0005877 356.0696   4.0504 15.46415588512732
CELTEE 1                
1 41850U 16067C   26071.58159720  .00006250  00000+0  30550-3 0  9999
2 41850  98.0815 291.5521 0001208 134.1173 226.0159 15.18636610511219
OPTICUBE 04             
1 41851U 16067D   26071.62622554  .00002932  00000+0  18828-3 0  9992
2 41851  98.0814 278.8339 0017237  84.9259 275.3935 15.09209962510607
AEROCUBE 8D             
1 41852U 16067E   26071.55327497  .00009216  00000+0  39581-3 0  9994
2 41852  98.0831 294.3968 0004849 104.8170 255.3602 15.22933489511352
AEROCUBE 8C             
1 41853U 16067F   26071.85600279  .00009162  00000+0  39077-3 0  9990
2 41853  98.0702 292.0771 0006303  44.5720 315.6021 15.23164751511393
CORVUS BC2              
1 42846U 17042X   26071.51876692  .00004239  00000+0  29708-3 0  9994
2 42846  97.3956 236.7260 0014767  84.3492 275.9418 15.05633877472516
CORVUS BC1              
1 42847U 17042Y   26071.39201038  .00004287  00000+0  29889-3 0  9990
2 42847  97.3989 237.3522 0013366  63.8337 296.4263 15.05841275472525
MAKERSAT 0              
1 43016U 17073D   26071.64938861  .00022839  00000+0  68860-3 0  9997
2 43016  97.4778 313.6380 0114921 255.2408 103.6074 15.27948791451707
SIRION PATHFINDER-2     
1 43759U 18099B   26071.69272867  .00006629  00000+0  37280-3 0  9993
2 43759  97.4386 123.0485 0007411 273.7045  86.3339 15.13579742398029
CORVUS BC4              
1 43767U 18099K   26071.70422759  .00004966  00000+0  29554-3 0  9998
2 43767  97.4205 117.5030 0007707 346.0267  14.0749 15.11650787397827
M2 PATHFINDER           
1 45727U 20037E   26071.47320826  .00004183  00000+0  30521-3 0  9994
2 45727  97.8170 261.6245 0012542 118.2239 242.0254 15.04203029310958
NETSAT-4                
1 46504U 20068U   26071.51400449  .00020060  00000+0  49599-3 0  9994
2 46504  97.8644  72.2271 0004076 324.8795  35.2181 15.40504131300877
NETSAT-3                
1 46505U 20068V   26071.50686821  .00020840  00000+0  53797-3 0  9995
2 46505  97.8680  70.5731 0004554 347.7405  12.3728 15.39175596300794
NETSAT-1                
1 46506U 20068W   26071.49344690  .00016390  00000+0  53022-3 0  9995
2 46506  97.8749  65.9659 0005367  10.7654 349.3700 15.32134467300488
NETSAT-2                
1 46507U 20068X   26071.53005429  .00025527  00000+0  60498-3 0  9992
2 46507  97.8658  71.8550 0003951  14.4738 345.6620 15.41735827300820
GREENCUBE (IO-117)      
1 53109U 22080E   26071.68971833 -.00000003  00000+0  00000+0 0  9993
2 53109  70.1611 331.8124 0008944 311.3288  48.6601  6.42583072 85868
SITRO-AIS 5 (KATYS)     
1 57176U 23091L   26071.89078833  .00013582  00000+0  51106-3 0  9997
2 57176  97.5177 134.9878 0013298  85.2178 275.0579 15.27168651149638
SITRO-AIS 6 (CHIRKIN)   
1 57192U 23091AC  26071.86465734  .00007730  00000+0  31688-3 0  9993
2 57192  97.5182 134.5446 0014157  86.1640 274.1216 15.24460473149607
SITRO-AIS 8 (ANOKHIN)   
1 57193U 23091AD  26071.86812146  .00016323  00000+0  57227-3 0  9992
2 57193  97.5168 136.1925 0012414  83.0130 277.2521 15.29461155149714
SITRO-AIS 7 (FARTUSHNIY)
1 57194U 23091AE  26071.84971887  .00007595  00000+0  31375-3 0  9996
2 57194  97.5181 134.3994 0014051  87.1838 273.1007 15.24207181149597
SITRO-AIS 10 (BURDAEV)  
1 57199U 23091AK  26071.88207866  .00022968  00000+0  67912-3 0  9991
2 57199  97.5182 140.3515 0007963  65.3814 294.8257 15.34899956149972
SITRO-AIS 9 (SHCHUKIN)  
1 57201U 23091AM  26071.88108119  .00022362  00000+0  66925-3 0  9997
2 57201  97.5181 140.1478 0008194  65.0213 295.1880 15.34521733149968
SITRO-AIS 12 (SMIRENNIY)
1 57204U 23091AQ  26071.88888296  .00021903  00000+0  65063-3 0  9993
2 57204  97.5193 140.5661 0007793  60.4906 299.7113 15.34766204149989
SITRO-AIS 11 (SHEFFER)  
1 57208U 23091AU  26071.86134799  .00021499  00000+0  63173-3 0  9997
2 57208  97.5190 140.7294 0007651  60.6350 299.5656 15.35113189149992
SITRO-AIS 25            
1 59066U 24039R   26071.87075942  .00004997  00000+0  39778-3 0  9997
2 59066  95.3932 168.9330 0145045 305.0989  53.6707 14.92660273110350
SITRO-AIS 26            
1 59067U 24039S   26071.85954988  .00004736  00000+0  37868-3 0  9991
2 59067  95.3931 168.8420 0145411 305.6047  53.1701 14.92472275110348
SITRO-AIS 27            
1 59068U 24039T   26071.85606002  .00004627  00000+0  36701-3 0  9997
2 59068  95.3933 169.0683 0144529 304.4278  54.3356 14.92867909110360
SITRO-AIS 28            
1 59071U 24039U   26071.83573041  .00004099  00000+0  32533-3 0  9997
2 59071  95.3937 169.0964 0144348 304.3960  54.3685 14.92904016110362
GRBBETA                 
1 60237U 24128C   26071.76177803  .00006062  00000+0  41798-3 0  9995
2 60237  61.9902 194.3740 0051226 114.6400 246.0041 15.05837047 91745
OOV-CUBE (TUBSAT-30)    
1 60240U 24128F   26071.69137885  .00003962  00000+0  30511-3 0  9994
2 60240  61.9948 201.9264 0054235 112.9346 247.7481 15.02277827 91611
ROBUSTA-3A (MEDITERRAN*)
1 60243U 24128J   26071.77669334  .00010824  00000+0  65198-3 0  9999
2 60243  61.9865 188.7946 0051538 108.8394 251.8300 15.10151219 91858
LASARSAT                
1 62391U 24247Q   26071.40920580  .00033018  00000+0  80526-3 0  9992
2 62391  44.9761  83.6106 0002033  65.3720 294.7380 15.40363004 68361
CROCUBE                 
1 62394U 24247T   26071.30732167  .00037005  00000+0  86728-3 0  9996
2 62394  44.9728  82.7711 0001900  43.8053 316.2986 15.41515657 68367
