COSMOS 2433 (720)       
1 32275U 07052A   26074.53339618 -.00000019  00000+0  00000+0 0  9999
2 32275  65.6286 319.0874 0001568 272.8310  87.2161  2.13104292143062
COSMOS 2432 (719)       
1 32276U 07052B   26077.53960443 -.00000013  00000+0  00000+0 0  9993
2 32276  65.6427 319.1125 0010279 333.3645 117.1385  2.13103430143157
COSMOS 2434 (721)       
1 32393U 07065A   26076.04900138  .00000009  00000+0  00000+0 0  9991
2 32393  64.3181 195.0208 0003251  67.7615 265.2640  2.13101390141802
COSMOS 2436 (723)       
1 32395U 07065C   26077.11535913  .00000017  00000+0  00000+0 0  9996
2 32395  64.3266 195.0561 0017377   5.4910 198.2928  2.13100324141788
COSMOS 2456 (730)       
1 36111U 09070A   26077.29044207  .00000050  00000+0  00000+0 0  9991
2 36111  64.9576  74.0714 0006437 306.4576  56.5901  2.13103777126494
COSMOS 2457 (733)       
1 36112U 09070B   26075.94251828  .00000056  00000+0  00000+0 0  9997
2 36112  64.9424  73.9629 0001991 199.0875 338.1321  2.13101178126463
COSMOS 2460 (732)       
1 36402U 10007C   26077.35996400 -.00000010  00000+0  00000+0 0  9991
2 36402  65.4717 317.5424 0002000  28.2784 157.3361  2.13106394124794
COSMOS 2476 (744)       
1 37867U 11064A   26075.21460096  .00000061  00000+0  00000+0 0  9996
2 37867  65.2165  76.0088 0025190 241.6825 237.1880  2.13103968111782
COSMOS 2477 (745)       
1 37868U 11064B   26077.40741013  .00000054  00000+0  00000+0 0  9993
2 37868  65.2243  76.0132 0022267 243.3548 298.3880  2.13103038111825
COSMOS 2475 (743)       
1 37869U 11064C   26077.28750111  .00000055  00000+0  00000+0 0  9990
2 37869  65.2311  76.0380 0028195 254.7406 150.5196  2.13101847111838
COSMOS 2485 (747)       
1 39155U 13019A   26077.34302470  .00000056  00000+0  00000+0 0  9991
2 39155  65.3680  76.6522 0025483 237.3864 122.3968  2.13103254100346
COSMOS 2492 (754)       
1 39620U 14012A   26074.95563220 -.00000013  00000+0  00000+0 0  9992
2 39620  65.3509 317.1070 0012999 327.8950  32.0932  2.13103513 93250
COSMOS 2500 (755)       
1 40001U 14032A   26075.12658971 -.00000012  00000+0  00000+0 0  9996
2 40001  65.2862 316.8558 0005041 197.4690 162.5812  2.13106258 91472
COSMOS 2501 (702K)      
1 40315U 14075A   26076.79507771  .00000014  00000+0  00000+0 0  9997
2 40315  63.6165 193.5334 0021061 206.8678 153.0099  2.13101428 87900
COSMOS 2514 (751)       
1 41330U 16008A   26077.24879947 -.00000008  00000+0  00000+0 0  9995
2 41330  65.0743 316.1297 0008996 205.8657 154.1597  2.13102602 78680
COSMOS 2522 (752)       
1 42939U 17055A   26075.20960043  .00000005  00000+0  00000+0 0  9992
2 42939  64.0788 195.0462 0007645 229.1656 130.7498  2.13101855 65999
COSMOS 2527 (756)       
1 43508U 18053A   26076.10942072  .00000062  00000+0  00000+0 0  9999
2 43508  65.5257  76.9774 0009581 246.4371 113.4979  2.13102320 60310
COSMOS 2529 (757)       
1 43687U 18086A   26075.26781981  .00000005  00000+0  00000+0 0  9996
2 43687  64.2949 195.7290 0008501 253.2519 106.6356  2.13102057 57301
COSMOS 2534 (758)       
1 44299U 19030A   26076.46965647  .00000012  00000+0  00000+0 0  9990
2 44299  64.3685 195.7019 0010061 279.5056  56.8780  2.13102401 52966
COSMOS 2544 (759)       
1 44850U 19088A   26075.58481207  .00000063  00000+0  00000+0 0  9999
2 44850  65.5133  76.8200 0015831 260.1678  99.6904  2.13102147 48748
COSMOS 2545 (760)       
1 45358U 20018A   26077.18814652 -.00000009  00000+0  00000+0 0  9991
2 45358  64.4092 315.6196 0007581 248.9168 111.0721  2.13102681 46728
COSMOS 2547 (705K)      
1 46805U 20075A   26076.90750252  .00000016  00000+0  00000+0 0  9993
2 46805  64.5995 195.5189 0007107 231.4752 128.4451  2.13100389 41962
COSMOS 2557 (706K)      
1 52984U 22075A   26077.07252513 -.00000013  00000+0  00000+0 0  9994
2 52984  64.3513 317.6976 0011281 283.8898  76.0543  2.13102066 28770
COSMOS 2559 (707K)      
1 54031U 22130A   26076.42268097 -.00000013  00000+0  00000+0 0  9993
2 54031  64.3238 317.8064 0010693 179.6412 180.4282  2.13101302 26735
COSMOS 2564 (761)       
1 54377U 22161A   26076.73539211  .00000015  00000+0  00000+0 0  9994
2 54377  64.7409 195.7448 0009800 212.4637 147.4593  2.13101867 25681
COSMOS 2569 (703K)      
1 57517U 23114A   26077.21749676  .00000054  00000+0  00000+0 0  9997
2 57517  65.2508  75.6867 0012952 292.6521  67.2391  2.13103886 20325
COSMOS 2584 (704K)      
1 63130U 25042A   26077.10437664  .00000055  00000+0  00000+0 0  9997
2 63130  65.0327  75.8971 0007728 237.4856 122.4691  2.13103407  8109
COSMOS 2596 (708K)      
1 65590U 25206B   26077.18580253 -.00000013  00000+0  00000+0 0  9997
2 65590  64.6862 318.1562 0012619 316.4765 223.3406  2.13100292  3975
