IRIDIUM 106             
1 41917U 17003A   21245.34758309  .00000095  00000-0  26894-4 0  9993
2 41917  86.3929  99.3659 0001760  86.8663 273.2734 14.34217070242547
IRIDIUM 103             
1 41918U 17003B   21245.33488245  .00000094  00000-0  26472-4 0  9993
2 41918  86.3929  99.2767 0002182  77.1980 282.9459 14.34218100242570
IRIDIUM 109             
1 41919U 17003C   21245.34121226  .00000094  00000-0  26667-4 0  9994
2 41919  86.3929  99.3045 0002082  83.0050 277.1382 14.34220585242553
IRIDIUM 102             
1 41920U 17003D   21245.30950923  .00000092  00000-0  25742-4 0  9997
2 41920  86.3928  99.2788 0002362  86.1294 274.0172 14.34218810242610
IRIDIUM 105             
1 41921U 17003E   21245.07094542  .00000034  00000-0  50998-5 0  9996
2 41921  86.3930  67.7559 0001611  84.9534 275.1846 14.34214878244431
IRIDIUM 104             
1 41922U 17003F   21245.32218983  .00000092  00000-0  25933-4 0  9996
2 41922  86.3930  99.2893 0001789  82.7132 277.4267 14.34218450242608
IRIDIUM 114             
1 41923U 17003G   21245.32854319  .00000097  00000-0  27657-4 0  9996
2 41923  86.3929  99.2755 0002070  95.1146 265.0286 14.34217933242600
IRIDIUM 108             
1 41924U 17003H   21245.49635519  .00000036  00000-0  56368-5 0  9999
2 41924  86.3924  67.5698 0001802  92.7682 267.3720 14.34217396244489
IRIDIUM 112             
1 41925U 17003J   21245.31585162  .00000095  00000-0  26690-4 0  9998
2 41925  86.3925  99.2051 0002318  94.0718 266.0743 14.34218868242635
IRIDIUM 111             
1 41926U 17003K   21244.67525831  .00000097  00000-0  27438-4 0  9997
2 41926  86.3928  99.5057 0002132  77.8521 282.2913 14.34217790242499
IRIDIUM 113             
1 42803U 17039A   21245.49244987  .00000079  00000-0  21109-4 0  9991
2 42803  86.4014 332.8627 0002114  86.3822 273.7616 14.34217923220541
IRIDIUM 123             
1 42804U 17039B   21245.04555772  .00000088  00000-0  24340-4 0  9990
2 42804  86.4020   4.5870 0002329  89.3078 270.8385 14.34217737219245
IRIDIUM 120             
1 42805U 17039C   21245.48610113  .00000082  00000-0  22206-4 0  9993
2 42805  86.4002 332.8744 0002024  84.5538 275.5889 14.34216644220534
IRIDIUM 115             
1 42806U 17039D   21245.24817863  .00000093  00000-0  21693-4 0  9990
2 42806  86.4542 332.8393 0004076  71.6988 288.4656 14.43278430222009
IRIDIUM 118             
1 42807U 17039E   21244.86795088  .00000085  00000-0  23281-4 0  9998
2 42807  86.4019   4.6666 0002468  94.6251 265.5226 14.34216583219227
IRIDIUM 117             
1 42808U 17039F   21244.88698974  .00000085  00000-0  23272-4 0  9997
2 42808  86.4018   4.6316 0001807  88.3208 271.8195 14.34218039219242
IRIDIUM 126             
1 42809U 17039G   21245.40073387  .00000074  00000-0  19427-4 0  9997
2 42809  86.4020   4.4410 0002164  90.5248 269.6195 14.34218756219303
IRIDIUM 124             
1 42810U 17039H   21245.38994798  .00000096  00000-0  22558-4 0  9997
2 42810  86.4482 301.2029 0002037  98.2469 261.8963 14.43283467222874
IRIDIUM 128             
1 42811U 17039J   21244.90308579  .00000101  00000-0  28961-4 0  9992
2 42811  86.3976  36.1776 0002208  74.6100 285.5339 14.34218303219250
IRIDIUM 121             
1 42812U 17039K   21245.34999291  .00000077  00000-0  20572-4 0  9991
2 42812  86.4020   4.4799 0002242  89.2614 270.8838 14.34218609219288
IRIDIUM 133             
1 42955U 17061A   21245.49293856  .00000087  00000-0  23962-4 0  9991
2 42955  86.3979  36.0075 0002215  83.7570 276.3878 14.34216041204137
IRIDIUM 100             
1 42956U 17061B   21245.48660023  .00000090  00000-0  25135-4 0  9993
2 42956  86.3976  35.9698 0002060  91.0700 269.0731 14.34217918204141
IRIDIUM 122             
1 42957U 17061C   21244.89673613  .00000097  00000-0  27683-4 0  9994
2 42957  86.3974  36.2127 0002163  77.7432 282.4006 14.34218433204055
IRIDIUM 129             
1 42958U 17061D   21245.48027257  .00000076  00000-0  19937-4 0  9998
2 42958  86.3975  36.0169 0002264  82.9421 277.2032 14.34217901204150
IRIDIUM 119             
1 42959U 17061E   21244.89040068  .00000099  00000-0  28226-4 0  9994
2 42959  86.3976  36.2506 0002281  83.8150 276.3306 14.34218311204089
IRIDIUM 107             
1 42960U 17061F   21245.46757066  .00000091  00000-0  25391-4 0  9995
2 42960  86.3978  36.0197 0002074  89.0368 271.1065 14.34217593204183
IRIDIUM 132             
1 42961U 17061G   21244.91577363  .00000100  00000-0  28784-4 0  9995
2 42961  86.3976  36.2400 0001855  86.4246 273.7162 14.34217708204097
IRIDIUM 136             
1 42962U 17061H   21244.94748589  .00000096  00000-0  27367-4 0  9999
2 42962  86.3977  36.2272 0002366  85.4415 274.7051 14.34217108204116
IRIDIUM 139             
1 42963U 17061J   21244.88405426  .00000093  00000-0  26096-4 0  9998
2 42963  86.3978  36.2879 0002045  85.0931 275.0498 14.34217909204112
IRIDIUM 125             
1 42964U 17061K   21245.49930571  .00000088  00000-0  24360-4 0  9997
2 42964  86.3979  36.0598 0002004  87.3134 272.8291 14.34218460204215
IRIDIUM 135             
1 43070U 17083A   21245.33388376  .00000074  00000-0  19496-4 0  9992
2 43070  86.4008 332.8808 0002174 105.0937 255.0500 14.34217360193486
IRIDIUM 138             
1 43071U 17083B   21245.49878588  .00000068  00000-0  17296-4 0  9998
2 43071  86.3996 332.6564 0002237  88.7560 271.3892 14.34216371193495
IRIDIUM 116             
1 43072U 17083C   21244.76939501  .00000082  00000-0  22152-4 0  9994
2 43072  86.4006 333.1229 0002486  97.8402 262.3076 14.34217767193422
IRIDIUM 130             
1 43073U 17083D   21245.50513874  .00000077  00000-0  20575-4 0  9990
2 43073  86.4016 332.9197 0002352  89.2984 270.8481 14.34217271193476
IRIDIUM 151             
1 43074U 17083E   21245.47976231  .00000078  00000-0  20764-4 0  9998
2 43074  86.4009 332.8440 0002544  96.1455 264.0030 14.34216813193490
IRIDIUM 134             
1 43075U 17083F   21244.75037524  .00000082  00000-0  22310-4 0  9996
2 43075  86.4010 333.1319 0001927  93.2901 266.8515 14.34217920193353
IRIDIUM 137             
1 43076U 17083G   21244.76305567  .00000082  00000-0  22343-4 0  9999
2 43076  86.4012 333.1871 0002553  96.9981 263.1505 14.34217718193425
IRIDIUM 141             
1 43077U 17083H   21244.75670718  .00000078  00000-0  20873-4 0  9993
2 43077  86.4008 333.1170 0002411  90.2890 269.8582 14.34219275193420
IRIDIUM 153             
1 43078U 17083J   21244.70888519  .00000082  00000-0  22393-4 0  9993
2 43078  86.3959 301.5548 0002595  76.9599 283.1887 14.34218946194526
IRIDIUM 131             
1 43079U 17083K   21244.74402446  .00000085  00000-0  23262-4 0  9998
2 43079  86.4013 333.1912 0002237  88.3069 271.8383 14.34219003193357
IRIDIUM 144             
1 43249U 18030A   21245.41291767  .00000077  00000-0  20348-4 0  9990
2 43249  86.3956 301.2395 0001895  96.0690 264.0722 14.34218344179506
IRIDIUM 149             
1 43250U 18030B   21245.41925784  .00000076  00000-0  19962-4 0  9994
2 43250  86.3955 301.2226 0001964 101.4985 258.6432 14.34219107179500
IRIDIUM 157             
1 43251U 18030C   21245.43828370  .00000078  00000-0  20855-4 0  9995
2 43251  86.3956 301.2290 0002578  90.5233 269.6258 14.34216364179486
IRIDIUM 140             
1 43252U 18030D   21244.89915370  .00000079  00000-0  21150-4 0  9992
2 43252  86.3957 301.4689 0001461 101.9879 258.1480 14.34219335179464
IRIDIUM 145             
1 43253U 18030E   21245.44463068  .00000084  00000-0  22898-4 0  9993
2 43253  86.3956 301.2191 0002189 125.4273 234.7128 14.34218945179473
IRIDIUM 146             
1 43254U 18030F   21244.65814455  .00000081  00000-0  21923-4 0  9991
2 43254  86.3958 301.5646 0002229 102.6889 257.4556 14.34216414179374
IRIDIUM 148             
1 43255U 18030G   21244.90550114  .00000081  00000-0  22035-4 0  9994
2 43255  86.3958 301.4790 0002545  97.2474 262.9011 14.34219392179447
IRIDIUM 142             
1 43256U 18030H   21245.15287030  .00000078  00000-0  20780-4 0  9998
2 43256  86.3954 301.3289 0002271  96.0879 264.0575 14.34218817179447
IRIDIUM 150             
1 43257U 18030J   21245.40021946  .00000078  00000-0  20642-4 0  9996
2 43257  86.3957 301.2851 0002038  95.1613 264.9815 14.34215071179526
IRIDIUM 143             
1 43258U 18030K   21244.89283203  .00000082  00000-0  22323-4 0  9998
2 43258  86.3961 301.5182 0002090 106.8023 253.3402 14.34217421179362
IRIDIUM 161             
1 43478U 18047C   21245.29858842  .00000111  00000-0  27071-4 0  9990
2 43478  86.4452  99.3922 0002100  76.5885 283.5550 14.43277441172884
IRIDIUM 152             
1 43479U 18047D   21244.65623350  .00000094  00000-0  26437-4 0  9999
2 43479  86.3924  99.5284 0002218  93.8820 266.2630 14.34218247171720
IRIDIUM 147             
1 43480U 18047E   21245.01141338  .00000104  00000-0  29953-4 0  9991
2 43480  86.3926  99.3547 0002338  83.4668 276.6793 14.34219939171771
IRIDIUM 110             
1 43481U 18047F   21245.29682915  .00000097  00000-0  27488-4 0  9995
2 43481  86.3928  99.2808 0001806  83.2146 276.9256 14.34218036171809
IRIDIUM 162             
1 43482U 18047G   21244.66830519  .00000112  00000-0  27342-4 0  9998
2 43482  86.4451  99.5704 0001840  85.2221 274.9190 14.43277856172782
IRIDIUM 160             
1 43569U 18061A   21245.03334667  .00000015  00000-0 -16520-5 0  9995
2 43569  86.3927  67.7423 0002302  91.1742 268.9717 14.34218098162665
IRIDIUM 166             
1 43570U 18061B   21244.98896004  .00000015  00000-0 -17832-5 0  9995
2 43570  86.3925  67.7356 0001776  92.6717 267.4682 14.34217757162680
IRIDIUM 158             
1 43571U 18061C   21245.44562349  .00000020  00000-0 -68868-7 0  9993
2 43571  86.3925  67.5523 0002042  96.6127 263.5302 14.34217165162725
IRIDIUM 165             
1 43572U 18061D   21245.47098585  .00000019  00000-0 -20648-6 0  9994
2 43572  86.3927  67.5558 0001983  97.2774 262.8648 14.34218175162743
IRIDIUM 155             
1 43573U 18061E   21245.50271195  .00000032  00000-0  43381-5 0  9991
2 43573  86.3923  67.4956 0001796  78.2842 281.8556 14.34217040162725
IRIDIUM 154             
1 43574U 18061F   21245.48367988  .00000018  00000-0 -75785-6 0  9994
2 43574  86.3927  67.5538 0002270  90.4074 269.7382 14.34217216162769
IRIDIUM 163             
1 43575U 18061G   21245.04602924  .00000019  00000-0 -33338-6 0  9998
2 43575  86.3924  67.7056 0001964 103.8941 256.2474 14.34218251162678
IRIDIUM 156             
1 43576U 18061H   21245.50904347  .00000018  00000-0 -76116-6 0  9994
2 43576  86.3924  67.5170 0001683  93.7697 266.3691 14.34218537162723
IRIDIUM 164             
1 43577U 18061J   21244.51326130  .00000019  00000-0 -38404-6 0  9992
2 43577  86.3925  67.9475 0002180  93.4750 266.6695 14.34216993162638
IRIDIUM 159             
1 43578U 18061K   21245.45832807  .00000018  00000-0 -74836-6 0  9998
2 43578  86.3924  67.5255 0002189  90.7294 269.4153 14.34216854162739
IRIDIUM 180             
1 43922U 19002A   21244.82990431  .00000087  00000-0  23932-4 0  9999
2 43922  86.4018   4.6518 0003017 104.1024 256.0507 14.34218865138252
IRIDIUM 176             
1 43923U 19002B   21244.94209204  .00000217  00000-0  30565-4 0  9999
2 43923  86.6151   4.6384 0002401  91.8796 268.2696 14.72249081141881
IRIDIUM 168             
1 43924U 19002C   21244.89332496  .00000084  00000-0  23008-4 0  9990
2 43924  86.4021   4.6531 0002459  94.6032 265.5445 14.34217766138248
IRIDIUM 173             
1 43925U 19002D   21245.08994855  .00000080  00000-0  21529-4 0  9998
2 43925  86.4018   4.5312 0002367  96.3203 263.8263 14.34217603138269
IRIDIUM 169             
1 43926U 19002E   21245.48101770  .00000104  00000-0  27478-4 0  9995
2 43926  86.4235  35.9496 0004500   5.1384 354.9860 14.38603252138810
IRIDIUM 172             
1 43927U 19002F   21245.43244545  .00000076  00000-0  20164-4 0  9992
2 43927  86.4019   4.3908 0002444  96.7788 263.3686 14.34219013138316
IRIDIUM 175             
1 43928U 19002G   21244.86794615  .00000223  00000-0  31415-4 0  9992
2 43928  86.6154   4.4914 0002488 105.7690 254.3802 14.72253100141869
IRIDIUM 171             
1 43929U 19002H   21245.41342579  .00000076  00000-0  20074-4 0  9998
2 43929  86.4028   4.5108 0002445  94.0071 266.1404 14.34217483138306
IRIDIUM 170             
1 43930U 19002J   21244.88033710  .00000216  00000-0  30410-4 0  9995
2 43930  86.6151   4.6703 0002575  94.6767 265.4744 14.72252617141887
IRIDIUM 167             
1 43931U 19002K   21244.84891288  .00000086  00000-0  23628-4 0  9992
2 43931  86.4018   4.6413 0002861 100.6959 259.4559 14.34219724138226
