ONEWEB-0012             
1 44057U 19010A   22063.38034133  .00000032  00000+0  40490-4 0  9994
2 44057  86.8080 189.3486 0001758  81.7324 278.4009 13.23425559145477
ONEWEB-0010             
1 44058U 19010B   22062.83298546 -.00000026  00000+0 -94912-4 0  9997
2 44058  86.7924 189.2035 0001559 105.3066 254.8240 13.23130098145429
ONEWEB-0008             
1 44059U 19010C   22062.88732627 -.00000045  00000+0 -14032-3 0  9991
2 44059  86.8082 189.4910 0001900 103.5091 256.6254 13.23606914145541
ONEWEB-0007             
1 44060U 19010D   22062.91667824  .00000187  00000+0  46388-3 0  9997
2 44060  87.9101 210.5982 0001486 120.5122 138.1704 13.15551610  3297
ONEWEB-0006             
1 44061U 19010E   22063.58335648 -.00038383  00000+0 -10239+0 0  9991
2 44061  87.9148 210.5033 0001802 116.2659 117.9914 13.15566985145572
ONEWEB-0011             
1 44062U 19010F   22062.91667824 -.00000959  00000+0 -25816-2 0  9990
2 44062  87.9147 210.6562 0001099 104.6164 274.1262 13.15557867145515
ONEWEB-0013             
1 45131U 20008A   22062.89784124  .00005209  00000+0  15107-1 0  9999
2 45131  87.9254   4.3331 0000927 101.5662 258.5569 13.09315722101098
ONEWEB-0017             
1 45132U 20008B   22063.06030266 -.00000301  00000+0 -89853-3 0  9992
2 45132  87.8926 347.6427 0002104  80.6683 279.4682 13.10375489103618
ONEWEB-0020             
1 45133U 20008C   22063.48728372 -.00000027  00000+0 -11487-3 0  9994
2 45133  87.8919 347.5471 0002473  63.5328 296.6052 13.10368956104078
ONEWEB-0021             
1 45134U 20008D   22062.81564475 -.00000678  00000+0 -19776-2 0  9993
2 45134  87.9056 347.7638 0001627  78.0102 282.1207 13.10373810104381
ONEWEB-0022             
1 45135U 20008E   22062.84060415  .00000381  00000+0  10544-2 0  9995
2 45135  87.8928 347.6750 0002239  74.2683 285.8691 13.10376027103968
ONEWEB-0023             
1 45136U 20008F   22062.82812683 -.00000259  00000+0 -77923-3 0  9997
2 45136  87.8962 347.6475 0001241  58.1752 301.9496 13.10376645102947
ONEWEB-0024             
1 45137U 20008G   22062.79849977 -.00000195  00000+0 -59371-3 0  9996
2 45137  87.8865 347.5491 0001308  87.4372 272.6905 13.10371007103109
ONEWEB-0025             
1 45138U 20008H   22063.35169591 -.00000573  00000+0 -16791-2 0  9995
2 45138  87.8914 347.6179 0001583  75.4429 284.6874 13.10369844104255
ONEWEB-0026             
1 45139U 20008J   22063.47234183 -.00113406  00000+0 -32523+0 0  9997
2 45139  87.8885 332.2856 0001402  90.3436 269.7852 13.11147420106795
ONEWEB-0028             
1 45140U 20008K   22063.42747960  .00006190  00000+0  17428-1 0  9994
2 45140  87.8916 332.3398 0001170 115.5363 244.5886 13.11379241103406
ONEWEB-0032             
1 45141U 20008L   22063.06185192 -.00000110  00000+0 -35275-3 0  9998
2 45141  87.8902 347.6351 0001711  83.3139 276.8183 13.10377509104058
ONEWEB-0033             
1 45142U 20008M   22062.80630067 -.00000490  00000+0 -14408-2 0  9991
2 45142  87.8892 347.6191 0001855  81.5453 278.5884 13.10370596103074
ONEWEB-0035             
1 45143U 20008N   22062.83904319  .00000272  00000+0  74304-3 0  9997
2 45143  87.8926 347.6985 0001872  70.0932 290.0397 13.10375051102807
ONEWEB-0036             
1 45144U 20008P   22063.05873338 -.00000544  00000+0 -15959-2 0  9993
2 45144  87.8924 347.6101 0001582  68.6240 291.5056 13.10375574104124
ONEWEB-0038             
1 45145U 20008Q   22063.47020651 -.00000428  00000+0 -12422-2 0  9995
2 45145  87.8938 332.3339 0001464 117.4578 242.6698 13.11417575105905
ONEWEB-0039             
1 45146U 20008R   22063.49817690 -.00000514  00000+0 -15089-2 0  9993
2 45146  87.8919 347.5624 0001272  97.9477 262.1795 13.10369522103895
ONEWEB-0040             
1 45147U 20008S   22063.49040749 -.00000173  00000+0 -53111-3 0  9997
2 45147  87.8918 347.6109 0001458 101.5906 258.5385 13.10370062103603
ONEWEB-0041             
1 45148U 20008T   22062.78824086  .00000080  00000+0  10596-3 0  9998
2 45148  87.9370 329.3004 0019006  43.8007 316.4646 13.48339892106958
ONEWEB-0043             
1 45149U 20008U   22062.80473850 -.00000523  00000+0 -15346-2 0  9992
2 45149  87.8919 347.6998 0001112  78.8855 281.2397 13.10371035103043
ONEWEB-0044             
1 45150U 20008V   22063.29249600 -.00000009  00000+0 -61917-4 0  9998
2 45150  87.8924 347.6083 0001302  84.9552 275.1724 13.10376173104178
ONEWEB-0045             
1 45151U 20008W   22062.79027596 -.00000012  00000+0 -69840-4 0  9998
2 45151  87.8895 332.4837 0001796  85.9413 274.1920 13.11419701105106
ONEWEB-0047             
1 45152U 20008X   22063.05562071 -.00000406  00000+0 -12000-2 0  9992
2 45152  87.8924 347.6511 0001569  74.7346 285.3955 13.10376515103885
ONEWEB-0048             
1 45153U 20008Y   22062.82187057 -.00000544  00000+0 -15940-2 0  9993
2 45153  87.8925 347.6950 0001443  69.7063 290.4219 13.10377133102678
ONEWEB-0049             
1 45154U 20008Z   22062.82343179 -.00000542  00000+0 -15877-2 0  9990
2 45154  87.8919 347.6759 0001452  63.2296 296.8979 13.10374722102894
ONEWEB-0051             
1 45155U 20008AA  22062.78802596 -.00000087  00000+0 -28054-3 0  9995
2 45155  87.8868 332.4139 0001744  82.2321 277.9005 13.11415623105784
ONEWEB-0052             
1 45156U 20008AB  22063.27845188 -.00000719  00000+0 -20968-2 0  9992
2 45156  87.8914 347.5736 0001305  36.3550 323.7666 13.10372722103629
ONEWEB-0053             
1 45157U 20008AC  22062.80162570 -.00000371  00000+0 -10981-2 0  9996
2 45157  87.8920 347.7122 0001413  86.2290 273.8998 13.10366138102775
ONEWEB-0054             
1 45158U 20008AD  22063.29562613  .00000166  00000+0  44067-3 0  9996
2 45158  87.8925 347.6112 0001988  82.7342 277.4011 13.10376239103719
ONEWEB-0056             
1 45159U 20008AE  22063.04782860 -.00000673  00000+0 -19650-2 0  9992
2 45159  87.8923 347.6545 0001543  71.6768 288.4527 13.10374175103838
ONEWEB-0057             
1 45160U 20008AF  22063.05405499 -.00000498  00000+0 -14632-2 0  9995
2 45160  87.8928 347.6311 0001352  79.3495 280.7785 13.10370227103730
ONEWEB-0058             
1 45161U 20008AG  22063.04158911 -.00000612  00000+0 -17882-2 0  9997
2 45161  87.8926 347.6615 0001550  86.7397 273.3908 13.10372094104065
ONEWEB-0059             
1 45162U 20008AH  22063.49662264 -.00000431  00000+0 -12709-2 0  9990
2 45162  87.8920 347.5666 0001690  84.6551 275.4769 13.10368938104014
ONEWEB-0062             
1 45163U 20008AJ  22063.29406083  .00000077  00000+0  18498-3 0  9990
2 45163  87.8925 347.5994 0001617  70.5202 289.6100 13.10376883103866
ONEWEB-0065             
1 45164U 20008AK  22063.04316494 -.00000715  00000+0 -20835-2 0  9998
2 45164  87.8946 347.5677 0001524  77.4781 282.6517 13.10372836103514
ONEWEB-0066             
1 45424U 20020A   22063.45898756 -.00000405  00000+0 -11793-2 0  9991
2 45424  87.8925 332.3859 0002051  95.8013 264.3349 13.11415563 97475
ONEWEB-0067             
1 45425U 20020B   22063.10220014  .00000193  00000+0  50814-3 0  9990
2 45425  87.8926 332.4611 0001661  87.3609 272.7709 13.11419062 97489
ONEWEB-0080             
1 45426U 20020C   22063.43431988  .00000466  00000+0  12790-2 0  9994
2 45426  87.8927 332.3855 0002012  77.3742 282.7611 13.11415184 97493
ONEWEB-0090             
1 45427U 20020D   22063.45001690 -.00000123  00000+0 -38189-3 0  9993
2 45427  87.8932 332.4215 0001805  82.2136 277.9197 13.11415439 97467
ONEWEB-0061             
1 45428U 20020E   22062.79476732  .00000175  00000+0  45869-3 0  9991
2 45428  87.8929 332.4987 0001617  91.5137 268.6176 13.11419198 97320
ONEWEB-0081             
1 45429U 20020F   22062.77680313 -.00000535  00000+0 -15442-2 0  9997
2 45429  87.8939 332.4968 0001520  92.9619 267.1683 13.11417386 97430
ONEWEB-0069             
1 45430U 20020G   22063.29966510 -.00000306  00000+0 -89901-3 0  9991
2 45430  87.8926 332.4271 0001821  87.3401 272.7935 13.11414868 97441
ONEWEB-0031             
1 45431U 20020H   22062.81496933  .00000601  00000+0  16586-2 0  9990
2 45431  87.8925 332.5107 0001703  76.7296 283.4022 13.11417166 97353
ONEWEB-0027             
1 45432U 20020J   22063.43686887  .00000015  00000+0  42869-5 0  9994
2 45432  87.9117 317.2082 0001922  80.4728 279.6620 13.17651548100160
ONEWEB-0064             
1 45433U 20020K   22062.81272929  .00000576  00000+0  15882-2 0  9998
2 45433  87.8929 332.5316 0002228  79.7277 280.4102 13.11416437 97385
ONEWEB-0018             
1 45434U 20020L   22062.76783101 -.00000484  00000+0 -14015-2 0  9999
2 45434  87.8926 332.5136 0001706  88.6250 271.5073 13.11416010 97322
ONEWEB-0083             
1 45435U 20020M   22063.44329036  .00000062  00000+0  13945-3 0  9991
2 45435  87.8926 332.3876 0001625  79.0256 281.1055 13.11414544 97464
ONEWEB-0095             
1 45436U 20020N   22063.04617452  .00000462  00000+0  12685-2 0  9993
2 45436  87.8927 332.4658 0001967  79.1379 280.9970 13.11413971 97412
ONEWEB-0092             
1 45437U 20020P   22063.47919053 -.00000097  00000+0 -30959-3 0  9994
2 45437  87.8938 332.3519 0001306  72.2514 287.8756 13.11420047 97579
ONEWEB-0085             
1 45438U 20020Q   22063.28396562  .00000335  00000+0  90901-3 0  9994
2 45438  87.8928 332.4375 0001825  89.9724 270.1613 13.11415498 97441
ONEWEB-0096             
1 45439U 20020R   22063.44553124 -.00000038  00000+0 -14370-3 0  9990
2 45439  87.8924 332.3895 0001626  91.5428 268.5886 13.11415124 97453
ONEWEB-0037             
1 45440U 20020S   22062.81945728  .00000496  00000+0  13635-2 0  9995
2 45440  87.8924 332.5191 0001494  75.6951 284.4343 13.11416334 97395
ONEWEB-0042             
1 45441U 20020T   22062.80150848  .00000429  00000+0  11749-2 0  9996
2 45441  87.8929 332.5199 0001451  78.4107 281.7184 13.11420392 97365
ONEWEB-0098             
1 45442U 20020U   22062.82170054  .00000388  00000+0  10590-2 0  9997
2 45442  87.8925 332.5138 0001849  90.2950 269.8389 13.11415256 97349
ONEWEB-0055             
1 45443U 20020V   22062.80599417  .00000556  00000+0  15328-2 0  9995
2 45443  87.8938 332.4902 0001844  85.9385 274.1953 13.11418181 97313
ONEWEB-0093             
1 45444U 20020W   22063.46797092 -.00000466  00000+0 -13498-2 0  9996
2 45444  87.8928 332.3916 0001836  88.3036 271.8302 13.11417552 97478
ONEWEB-0029             
1 45445U 20020X   22062.80375307  .00000469  00000+0  12873-2 0  9992
2 45445  87.8930 332.5069 0001429  90.2543 269.8749 13.11417935 97350
ONEWEB-0068             
1 45446U 20020Y   22063.46011170 -.00000500  00000+0 -14458-2 0  9990
2 45446  87.8926 332.3905 0001892  92.7976 267.3368 13.11415676 97398
ONEWEB-0046             
1 45447U 20020Z   22062.77007417 -.00000415  00000+0 -12064-2 0  9999
2 45447  87.8927 332.5355 0001618  77.4271 282.7038 13.11416158 97307
ONEWEB-0063             
1 45448U 20020AA  22062.79926020  .00000356  00000+0  96834-3 0  9992
2 45448  87.8924 332.5220 0001561  69.7161 290.4135 13.11419643 97390
ONEWEB-0019             
1 45449U 20020AB  22063.46123534 -.00000619  00000+0 -17825-2 0  9993
2 45449  87.8931 332.3789 0001830  76.0144 284.1187 13.11416253 97333
ONEWEB-0094             
1 45450U 20020AC  22063.05878534  .00000129  00000+0  29971-3 0  9997
2 45450  87.9097 317.1892 0001911  81.8653 278.2695 13.17647433100069
ONEWEB-0087             
1 45451U 20020AD  22063.49491442  .00007053  00000+0  19858-1 0  9999
2 45451  87.8935 332.4065 0001794  86.7540 273.3794 13.11382556 97382
ONEWEB-0082             
1 45452U 20020AE  22062.81048322  .00000587  00000+0  16204-2 0  9998
2 45452  87.8926 332.4844 0001832  97.8837 262.2499 13.11417339 97379
ONEWEB-0050             
1 45453U 20020AF  22063.11821096  .00001196  00000+0  10643-3 0  9999
2 45453  87.5353 274.0279 0023879 231.3679 128.5414 14.94941543106539
ONEWEB-0034             
1 45454U 20020AG  22063.43880927  .00000301  00000+0  81306-3 0  9994
2 45454  87.8924 332.3820 0001562  86.7876 273.3431 13.11415766 97384
ONEWEB-0060             
1 45455U 20020AH  22062.76110134 -.00000277  00000+0 -81858-3 0  9992
2 45455  87.8927 332.5220 0001620  79.7087 280.4224 13.11414756 97247
ONEWEB-0086             
1 45456U 20020AJ  22063.46572767 -.00000446  00000+0 -12940-2 0  9998
2 45456  87.8927 332.3760 0001732  89.2490 270.8836 13.11417380 97397
ONEWEB-0088             
1 45457U 20020AK  22063.44105727  .00000175  00000+0  45878-3 0  9999
2 45457  87.8921 332.3987 0001459  81.9114 278.2179 13.11412032 97336
ONEWEB-0102             
1 47258U 20100A   22062.68913748 -.00000397  00000+0 -11378-2 0  9999
2 47258  87.8848 302.0470 0001874  89.6194 270.5150 13.12443251 59251
ONEWEB-0109             
1 47259U 20100B   22063.38683487 -.00000243  00000+0 -70994-3 0  9992
2 47259  87.8962 301.8731 0001867  82.9911 277.1429 13.12444028 59177
ONEWEB-0110             
1 47260U 20100C   22062.72380232  .00000491  00000+0  13301-2 0  9994
2 47260  87.8898 302.0058 0002002  89.2389 270.8969 13.12442730 59259
ONEWEB-0111             
1 47261U 20100D   22063.36373578 -.00000093  00000+0 -29338-3 0  9999
2 47261  87.8870 301.9043 0001831  87.6840 272.4498 13.12443569 59172
ONEWEB-0114             
1 47262U 20100E   22062.70992987  .00000201  00000+0  52301-3 0  9993
2 47262  87.8934 301.9520 0002064  74.3928 285.7428 13.12445874 59040
ONEWEB-0117             
1 47263U 20100F   22062.70300144  .00000020  00000+0  19447-4 0  9996
2 47263  87.8957 302.0134 0001842  85.5810 274.5529 13.12444754 59051
ONEWEB-0118             
1 47264U 20100G   22063.41919382  .00000446  00000+0  12051-2 0  9990
2 47264  87.8891 301.8576 0001766  55.7758 304.3538 13.12439093 59345
ONEWEB-0119             
1 47265U 20100H   22063.37064959 -.00000272  00000+0 -79233-3 0  9992
2 47265  87.8845 301.9161 0001836  85.2309 274.9029 13.12444858 59313
ONEWEB-0120             
1 47266U 20100J   22063.40068693  .00000087  00000+0  20522-3 0  9995
2 47266  87.8918 301.9228 0001988  79.8080 280.3272 13.12444544 59348
ONEWEB-0121             
1 47267U 20100K   22062.69838646 -.00000248  00000+0 -72446-3 0  9992
2 47267  87.8891 302.1226 0001676  91.1845 268.9476 13.12442632 59164
ONEWEB-0122             
1 47268U 20100L   22062.69144390 -.00000523  00000+0 -14884-2 0  9996
2 47268  87.8930 302.0012 0001837  85.6411 274.4927 13.12442733 59072
ONEWEB-0123             
1 47269U 20100M   22062.68682268 -.00000437  00000+0 -12505-2 0  9999
2 47269  87.8862 302.0406 0001763  81.2722 278.8606 13.12441744 59218
ONEWEB-0124             
1 47270U 20100N   22062.90168427 -.00000038  00000+0 -14138-3 0  9994
2 47270  87.8899 301.9029 0001514  97.9047 262.2253 13.12442846 59126
ONEWEB-0125             
1 47271U 20100P   22063.41454815  .00000413  00000+0  11126-2 0  9999
2 47271  87.8862 301.9546 0001938  75.6750 284.4594 13.12445191 59259
ONEWEB-0126             
1 47272U 20100Q   22063.36257440 -.00000069  00000+0 -22685-3 0  9991
2 47272  87.8865 301.9529 0001983  83.5762 276.5592 13.12441714 59319
ONEWEB-0127             
1 47273U 20100R   22063.40300455  .00000150  00000+0  38211-3 0  9993
2 47273  87.8890 301.8211 0001701  80.8891 279.2430 13.12443940 59343
ONEWEB-0128             
1 47274U 20100S   22063.42381890  .00000392  00000+0  10538-2 0  9997
2 47274  87.8894 301.8524 0001931  95.0960 265.0388 13.12443711 59368
ONEWEB-0129             
1 47275U 20100T   22062.71918236  .00000430  00000+0  11586-2 0  9996
2 47275  87.8956 301.9991 0003186  60.2803 299.8642 13.12444449 59201
ONEWEB-0130             
1 47276U 20100U   22062.89706399  .00000068  00000+0  15372-3 0  9996
2 47276  87.8893 302.0095 0001763  89.2696 270.8635 13.12440241 59194
ONEWEB-0131             
1 47277U 20100V   22063.04723812  .00000403  00000+0  10862-2 0  9995
2 47277  87.8893 301.9267 0001585  89.4413 270.6897 13.12439130 59255
ONEWEB-0132             
1 47278U 20100W   22062.69607343 -.00000314  00000+0 -90952-3 0  9998
2 47278  87.8855 302.0635 0001951  78.2121 281.9226 13.12444337 59104
ONEWEB-0133             
1 47279U 20100X   22062.71224845  .00000271  00000+0  71773-3 0  9994
2 47279  87.8888 301.9821 0001792  82.5979 277.5353 13.12444912 59266
ONEWEB-0134             
1 47280U 20100Y   22063.36603095 -.00000131  00000+0 -39967-3 0  9992
2 47280  87.8900 301.8497 0001880  91.9409 268.1935 13.12440698 59327
ONEWEB-0135             
1 47281U 20100Z   22062.72611468  .00000485  00000+0  13124-2 0  9991
2 47281  87.8887 301.9690 0001941  85.5262 274.6089 13.12445805 59262
ONEWEB-0136             
1 47282U 20100AA  22063.35679806  .00000139  00000+0  35061-3 0  9993
2 47282  87.8941 301.8780 0002590  92.1639 267.9786 13.12442617 59274
ONEWEB-0137             
1 47283U 20100AB  22063.08880122 -.00000278  00000+0 -80855-3 0  9996
2 47283  87.8889 301.9499 0001880  75.7804 284.3533 13.12444231 59149
ONEWEB-0138             
1 47284U 20100AC  22062.68220901 -.00000421  00000+0 -12060-2 0  9997
2 47284  87.8913 302.0263 0002011  84.5043 275.6315 13.12443602 59174
ONEWEB-0139             
1 47285U 20100AD  22062.73072814  .00000430  00000+0  11600-2 0  9999
2 47285  87.8873 302.1020 0001993  88.4608 271.6749 13.12444647 59256
ONEWEB-0140             
1 47286U 20100AE  22063.36143268 -.00000026  00000+0 -10825-3 0  9994
2 47286  87.8868 301.9132 0001925  86.8898 273.2451 13.12440978 59295
ONEWEB-0141             
1 47287U 20100AF  22062.88591036  .00000261  00000+0  67495-3 0  9995
2 47287  87.8899 301.9756 0001797  87.2439 272.8896 13.13927009 59222
ONEWEB-0142             
1 47288U 20100AG  22062.68797825 -.00000412  00000+0 -11811-2 0  9998
2 47288  87.8859 302.1153 0002013  77.7186 282.4168 13.12440524 59194
ONEWEB-0143             
1 47289U 20100AH  22062.72150924  .00000419  00000+0  11279-2 0  9990
2 47289  87.8892 302.0174 0001715  84.3077 275.8247 13.12444096 59175
ONEWEB-0144             
1 47290U 20100AJ  22062.69376326 -.00000418  00000+0 -11965-2 0  9997
2 47290  87.8935 301.9835 0001806  90.5868 269.5467 13.12443415 59094
ONEWEB-0145             
1 47291U 20100AK  22063.19740108  .00000395  00000+0  10638-2 0  9995
2 47291  87.8866 301.9219 0001807  81.4139 278.7194 13.12441703 59351
ONEWEB-0146             
1 47292U 20100AL  22063.42149528  .00000393  00000+0  10559-2 0  9991
2 47292  87.8903 301.8973 0000985 116.7512 243.3717 13.12443023 59292
ONEWEB-0147             
1 47293U 20100AM  22063.39146228 -.00000172  00000+0 -51339-3 0  9991
2 47293  87.8870 301.9092 0002477  85.5311 274.6100 13.12441811 59181
ONEWEB-0115             
1 48042U 21025A   22062.81223341  .00000079  00000+0  18213-3 0  9997
2 48042  87.8859 271.3505 0001704 103.0640 257.0679 13.13469265 47977
ONEWEB-0152             
1 48043U 21025B   22062.59490374 -.00000244  00000+0 -70271-3 0  9993
2 48043  87.8909 271.4234 0001846  96.3413 263.7926 13.13469596 47913
ONEWEB-0153             
1 48044U 21025C   22062.87720904  .00000331  00000+0  87174-3 0  9995
2 48044  87.8841 271.5005 0001639  85.7086 274.4230 13.13468072 47931
ONEWEB-0154             
1 48045U 21025D   22063.10351281  .00001182  00000+0  32009-2 0  9992
2 48045  87.8936 271.3640 0002062  83.2735 276.8629 13.13470200 47939
ONEWEB-0116             
1 48046U 21025E   22062.84136123 -.00000208  00000+0 -60451-3 0  9992
2 48046  87.8931 271.4063 0001341  99.6611 260.4669 13.13470050 48036
ONEWEB-0150             
1 48047U 21025F   22062.81448189  .00000020  00000+0  19575-4 0  9990
2 48047  87.8815 271.3217 0001777  79.1864 280.9465 13.13470004 47921
ONEWEB-0107             
1 48048U 21025G   22062.81672365 -.00000028  00000+0 -11186-3 0  9995
2 48048  87.8844 271.3315 0002062  76.3889 283.7470 13.13469276 47901
ONEWEB-0101             
1 48049U 21025H   22062.85704889  .00000233  00000+0  60320-3 0  9997
2 48049  87.8835 271.3775 0001942  88.0565 272.0787 13.13471343 47886
ONEWEB-0113             
1 48050U 21025J   22062.60385049 -.00000438  00000+0 -12343-2 0  9995
2 48050  87.8928 271.4507 0001545  95.3674 264.7631 13.13469459 47933
ONEWEB-0112             
1 48051U 21025K   22063.50680131  .00003759  00000+0  10255-1 0  9992
2 48051  87.8816 271.1999 0001574  88.1553 271.9756 13.13457129 48075
ONEWEB-0156             
1 48052U 21025L   22063.51575883 -.00000219  00000+0 -63331-3 0  9996
2 48052  87.8933 271.2408 0001569  89.9976 270.1333 13.13468571 48057
ONEWEB-0161             
1 48053U 21025M   22062.87944789  .00000315  00000+0  82857-3 0  9999
2 48053  87.8866 271.3555 0001761  89.7270 270.4061 13.13468076 47898
ONEWEB-0158             
1 48054U 21025N   22062.84360504 -.00000179  00000+0 -52491-3 0  9995
2 48054  87.8926 271.3978 0001429 101.1106 259.0184 13.13472566 48016
ONEWEB-0157             
1 48055U 21025P   22062.86601595  .00000293  00000+0  76838-3 0  9992
2 48055  87.8901 271.3742 0001824  77.3879 282.7454 13.13471152 47954
ONEWEB-0162             
1 48056U 21025Q   22062.59938654 -.00000249  00000+0 -71722-3 0  9992
2 48056  87.8845 271.3775 0001498  84.4077 275.7222 13.13470911 47872
ONEWEB-0155             
1 48057U 21025R   22063.30738612 -.00000063  00000+0 -20687-3 0  9993
2 48057  87.8882 271.2715 0001762  93.9699 266.1632 13.13471077 48139
ONEWEB-0149             
1 48058U 21025S   22062.87049845  .00000574  00000+0  15358-2 0  9991
2 48058  87.8921 271.3582 0001252  67.7021 292.4241 13.13470668 47872
ONEWEB-0148             
1 48059U 21025T   22062.83463342 -.00000255  00000+0 -73267-3 0  9992
2 48059  87.8890 271.3571 0001755  56.0184 304.1111 13.13471496 47995
ONEWEB-0160             
1 48060U 21025U   22063.00490829  .00000026  00000+0  35879-4 0  9996
2 48060  87.8873 271.3315 0001388 141.6340 218.4888 13.13470143 47964
ONEWEB-0163             
1 48061U 21025V   22062.60834094 -.00000265  00000+0 -76190-3 0  9995
2 48061  87.8938 271.4640 0002138  76.4968 283.6399 13.13471509 48031
ONEWEB-0159             
1 48062U 21025W   22063.51128003 -.00000049  00000+0 -16837-3 0  9995
2 48062  87.8920 271.1879 0002106  70.4281 289.7076 13.13468070 48073
ONEWEB-0164             
1 48063U 21025X   22062.80774700  .00000276  00000+0  72100-3 0  9993
2 48063  87.8949 271.4329 0001827  98.5199 261.6137 13.13468764 47960
ONEWEB-0167             
1 48064U 21025Y   22062.83912242 -.00000257  00000+0 -73842-3 0  9997
2 48064  87.8900 271.3774 0001836  77.6356 282.4979 13.13471432 47954
ONEWEB-0166             
1 48065U 21025Z   22062.85929226  .00000223  00000+0  57585-3 0  9997
2 48065  87.8814 271.3351 0001789  83.8206 276.3126 13.13470662 48030
ONEWEB-0151             
1 48066U 21025AA  22063.47093764  .00000171  00000+0  43266-3 0  9999
2 48066  87.8914 271.2559 0001934  99.2356 260.8992 13.13471349 48065
ONEWEB-0170             
1 48067U 21025AB  22062.86824548  .00000366  00000+0  96691-3 0  9990
2 48067  87.8944 271.4142 0002235 117.0611 243.0746 13.13471396 47934
ONEWEB-0168             
1 48068U 21025AC  22062.85481260  .00000101  00000+0  24072-3 0  9991
2 48068  87.8926 271.3967 0001718  84.5353 275.5972 13.13470205 47945
ONEWEB-0173             
1 48069U 21025AD  22063.30515785 -.00000169  00000+0 -49670-3 0  9990
2 48069  87.8928 271.3144 0002181  84.5146 275.6232 13.13469629 48242
ONEWEB-0171             
1 48070U 21025AE  22062.80551805  .00000160  00000+0  40385-3 0  9992
2 48070  87.8858 271.3369 0001600  80.4325 279.6985 13.13469029 47998
ONEWEB-0172             
1 48071U 21025AF  22063.47051197  .00000111  00000+0  26923-3 0  9994
2 48071  87.8904 271.3389 0001980  91.9468 268.1888 13.13474008 48976
ONEWEB-0174             
1 48072U 21025AG  22062.84584171 -.00000091  00000+0 -28459-3 0  9993
2 48072  87.8873 271.3521 0001593  54.4579 305.6698 13.13471653 48213
ONEWEB-0175             
1 48073U 21025AH  22062.87272654  .00000394  00000+0  10428-2 0  9997
2 48073  87.8832 271.3707 0001923 107.3737 252.7603 13.13468911 47878
ONEWEB-0177             
1 48074U 21025AJ  22062.80999799  .00000176  00000+0  44592-3 0  9995
2 48074  87.8939 271.4143 0002353  77.1083 283.0308 13.13470452 48051
ONEWEB-0178             
1 48075U 21025AK  22063.51240249 -.00000197  00000+0 -57523-3 0  9997
2 48075  87.8869 271.2092 0001913  82.0781 278.0565 13.13467996 48199
ONEWEB-0108             
1 48076U 21025AL  22062.86377275  .00000437  00000+0  11625-2 0  9992
2 48076  87.8910 271.3824 0001100  85.9422 274.1833 13.13470996 48035
ONEWEB-0169             
1 48077U 21025AM  22062.66658932 -.00000339  00000+0 -96388-3 0  9996
2 48077  87.8943 271.4545 0001350  81.0881 279.0401 13.13468821 46662
ONEWEB-0176             
1 48210U 21031A   22063.51149037 -.00000176  00000+0 -50973-3 0  9997
2 48210  87.9039 240.8872 0001826  90.5054 269.6285 13.14505754 43914
ONEWEB-0184             
1 48211U 21031B   22063.02942522  .00000315  00000+0  81520-3 0  9999
2 48211  87.8931 240.9530 0002819 117.4608 242.6809 13.14503086 42530
ONEWEB-0179             
1 48212U 21031C   22062.54098845  .00000091  00000+0  21062-3 0  9992
2 48212  87.8934 241.0440 0001909  85.2554 274.8794 13.14501087 42514
ONEWEB-0180             
1 48213U 21031D   22063.03154539  .00000195  00000+0  49274-3 0  9991
2 48213  87.8930 240.9519 0001700  85.5575 274.5749 13.14502673 42464
ONEWEB-0218             
1 48214U 21031E   22063.50936469 -.00000185  00000+0 -53446-3 0  9991
2 48214  87.8918 240.8318 0003080 104.4348 255.7123 13.14500647 42689
ONEWEB-0209             
1 48215U 21031F   22063.49882040 -.00000050  00000+0 -16834-3 0  9996
2 48215  87.8947 240.8665 0001747  89.3040 270.8290 13.14501379 42681
ONEWEB-0198             
1 48216U 21031G   22062.87505982  .00000093  00000+0  21530-3 0  9999
2 48216  87.8996 241.0092 0002459  91.8084 268.3327 13.14504635 42715
ONEWEB-0189             
1 48217U 21031H   22062.73552001 -.00000088  00000+0 -27131-3 0  9998
2 48217  87.8928 240.9953 0002435  91.2449 268.8960 13.14500978 42431
ONEWEB-0196             
1 48218U 21031J   22062.86660730  .00000223  00000+0  56651-3 0  9990
2 48218  87.8948 240.9740 0001785  98.4779 261.6553 13.14501331 42455
ONEWEB-0183             
1 48219U 21031K   22062.99135686 -.00000139  00000+0 -40850-3 0  9994
2 48219  87.8951 240.9596 0001649  87.7752 272.3567 13.14504834 42567
ONEWEB-0185             
1 48220U 21031L   22062.86872935  .00000184  00000+0  46178-3 0  9994
2 48220  87.8938 240.9864 0001753  85.0668 275.0662 13.14500895 42474
ONEWEB-0187             
1 48221U 21031M   22062.91946737 -.00000036  00000+0 -13251-3 0  9997
2 48221  87.8949 240.9803 0001712  86.7125 273.4200 13.14504733 42498
ONEWEB-0192             
1 48222U 21031N   22063.50092061 -.00000022  00000+0 -92821-4 0  9992
2 48222  87.8935 240.8371 0001929  98.5752 261.5596 13.14501522 42499
ONEWEB-0219             
1 48223U 21031P   22063.02517860  .00000195  00000+0  49186-3 0  9993
2 48223  87.8929 240.9272 0001684  89.2804 270.8519 13.14505317 42637
ONEWEB-0202             
1 48224U 21031Q   22062.85180953  .00000160  00000+0  39811-3 0  9999
2 48224  87.8951 240.9945 0002976  97.5959 262.5509 13.14502282 42587
ONEWEB-0204             
1 48225U 21031R   22062.98923976 -.00000168  00000+0 -48776-3 0  9994
2 48225  87.8968 240.9642 0000905 103.6077 256.5154 13.14505556 42508
ONEWEB-0205             
1 48226U 21031S   22063.01461388  .00000180  00000+0  45076-3 0  9996
2 48226  87.8947 240.9475 0002581 119.9384 240.2002 13.14503055 42529
ONEWEB-0206             
1 48227U 21031T   22062.98712532 -.00000201  00000+0 -57563-3 0  9992
2 48227  87.8919 240.9364 0001681  82.0920 278.0401 13.14501213 42472
ONEWEB-0182             
1 48228U 21031U   22063.51360520 -.00000155  00000+0 -45169-3 0  9996
2 48228  87.8966 240.8751 0001760  84.5420 275.5911 13.14504201 42753
ONEWEB-0186             
1 48229U 21031V   22062.53677090 -.00000023  00000+0 -96630-4 0  9995
2 48229  87.8935 241.0351 0001980  89.2044 270.9312 13.14501300 42578
ONEWEB-0181             
1 48230U 21031W   22063.50303018 -.00000050  00000+0 -16952-3 0  9999
2 48230  87.9039 240.8637 0001685  95.1749 264.9573 13.14505581 42555
ONEWEB-0188             
1 48231U 21031X   22063.01039353  .00000136  00000+0  33223-3 0  9997
2 48231  87.8956 240.9741 0001735  87.2907 272.8422 13.14504936 42389
ONEWEB-0220             
1 48232U 21031Y   22063.04844491 -.00000192  00000+0 -55156-3 0  9991
2 48232  87.8929 240.9218 0002098  83.6405 276.4964 13.14500841 42657
ONEWEB-0165             
1 48233U 21031Z   22063.00193434  .00000049  00000+0  97382-4 0  9999
2 48233  87.8948 240.9701 0001940  86.0536 274.0815 13.14502248 42600
ONEWEB-0199             
1 48234U 21031AA  22063.51783500 -.00000165  00000+0 -47872-3 0  9994
2 48234  87.8938 240.8612 0001867  90.2337 269.9007 13.14505140 42570
ONEWEB-0203             
1 48235U 21031AB  22063.50724695 -.00000104  00000+0 -31464-3 0  9997
2 48235  87.8957 240.8254 0001936 111.2417 248.8920 13.14501093 42588
ONEWEB-0197             
1 48236U 21031AC  22063.49458458  .00000071  00000+0  15686-3 0  9996
2 48236  87.8945 240.8621 0001788  93.0179 267.1155 13.14502187 42490
ONEWEB-0194             
1 48237U 21031AD  22063.00615836  .00000157  00000+0  38956-3 0  9999
2 48237  87.8939 240.9589 0001582 114.8892 245.2402 13.14502471 42605
ONEWEB-0193             
1 48238U 21031AE  22062.87082733  .00000057  00000+0  12035-3 0  9997
2 48238  87.8946 240.9833 0001884 100.2107 259.9235 13.14504742 42530
ONEWEB-0191             
1 48239U 21031AF  22063.49034245  .00000116  00000+0  27751-3 0  9999
2 48239  87.8933 240.8662 0001753 103.0535 257.0790 13.14505390 42475
ONEWEB-0195             
1 48240U 21031AG  22063.01249656  .00000324  00000+0  84006-3 0  9990
2 48240  87.8936 240.9460 0002354  90.9997 269.1402 13.14501117 42399
ONEWEB-0201             
1 48241U 21031AH  22063.00827990  .00000133  00000+0  32553-3 0  9991
2 48241  87.8951 240.9649 0001655  92.3049 267.8270 13.14502810 42628
ONEWEB-0207             
1 48242U 21031AJ  22063.05901572 -.00000236  00000+0 -67146-3 0  9998
2 48242  87.8933 240.9482 0001441  80.1842 279.9451 13.14500569 42548
ONEWEB-0208             
1 48243U 21031AK  22062.88351758 -.00000020  00000+0 -87986-4 0  9990
2 48243  87.8927 240.9697 0002254  95.7750 264.3637 13.14504730 42530
ONEWEB-0200             
1 48244U 21031AL  22063.45652232 -.00000013  00000+0 -70578-4 0  9997
2 48244  87.8930 240.8395 0002341  94.2502 265.8896 13.14503843 42543
ONEWEB-0217             
1 48245U 21031AM  22062.86448459  .00000145  00000+0  35719-3 0  9997
2 48245  87.8934 240.9792 0002261  93.7891 266.3498 13.14504681 42406
ONEWEB-0211             
1 48767U 21045A   22062.91667824  .00000290  00000+0  73657-3 0  9990
2 48767  87.9101 210.7155 0001985 109.6678 219.0156 13.15557118 39600
ONEWEB-0223             
1 48768U 21045B   22062.91667824 -.00000316  00000+0 -87440-3 0  9997
2 48768  87.9098 210.6775 0002080 116.9468 111.7499 13.15549417  3307
ONEWEB-0230             
1 48769U 21045C   22062.91667824 -.00000450  00000+0 -12282-2 0  9998
2 48769  87.9145 210.6484 0001709 115.7046 242.9922 13.15559554  3293
ONEWEB-0237             
1 48770U 21045D   22062.91667824 -.00001910  00000+0 -51089-2 0  9990
2 48770  87.9131 210.5401 0001796 124.5301 284.2525 13.15558462  3303
ONEWEB-0235             
1 48771U 21045E   22062.91667824 -.00001989  00000+0 -53189-2 0  9990
2 48771  87.9140 210.5530 0002207 134.0987  44.6202 13.15550502  3296
ONEWEB-0242             
1 48772U 21045F   22062.91667824 -.00000879  00000+0 -23697-2 0  9999
2 48772  87.9090 210.6755 0001973 113.3534  95.3557 13.15549223 39617
ONEWEB-0241             
1 48773U 21045G   22062.91667824  .00000436  00000+0  11247-2 0  9995
2 48773  87.9086 210.6632 0002426 107.1672 161.5139 13.15550909  3295
ONEWEB-0243             
1 48774U 21045H   22062.91667824 -.00002774  00000+0 -74038-2 0  9992
2 48774  87.9146 210.6001 0001656 125.5552 353.2039 13.15553469  3291
ONEWEB-0222             
1 48775U 21045J   22062.91667824 -.00002079  00000+0 -55574-2 0  9995
2 48775  87.9136 210.6330 0002022 111.1693  57.5365 13.15551437  3313
ONEWEB-0244             
1 48776U 21045K   22062.91667824 -.00000572  00000+0 -15538-2 0  9998
2 48776  87.9091 210.6540 0001479 139.8273 223.9059 13.15561222  3304
ONEWEB-0247             
1 48777U 21045L   22062.89795690 -.00000157  00000+0 -45084-3 0  9998
2 48777  87.9095 210.6329 0002150 129.5014 230.6306 13.15548204 38471
ONEWEB-0245             
1 48778U 21045M   22062.91667824 -.00002828  00000+0 -75488-2 0  9996
2 48778  87.9149 210.5594 0002151 100.6719   8.0709 13.15554595  3306
ONEWEB-0229             
1 48779U 21045N   22062.91667824 -.00002747  00000+0 -73315-2 0  9994
2 48779  87.9143 210.5560 0002076 113.0981  25.7028 13.15550683  3291
ONEWEB-0228             
1 48780U 21045P   22062.91667824 -.00002265  00000+0 -60519-2 0  9993
2 48780  87.9128 210.5975 0001660 111.6252 317.0958 13.15557185  3304
ONEWEB-0232             
1 48781U 21045Q   22062.91667824 -.00002464  00000+0 -65818-2 0  9992
2 48781  87.9173 210.7354 0002036 101.6133 357.1658 13.15547934  3283
ONEWEB-0231             
1 48782U 21045R   22062.91667824 -.00001139  00000+0 -30589-2 0  9998
2 48782  87.9159 210.6940 0001939 122.1616  76.5840 13.15553621  3299
ONEWEB-0234             
1 48783U 21045S   22062.91667824 -.00002328  00000+0 -62181-2 0  9993
2 48783  87.9099 210.6710 0001900  97.6209 341.1639 13.15553933  3305
ONEWEB-0238             
1 48784U 21045T   22062.91667824 -.00001105  00000+0 -29700-2 0  9996
2 48784  87.9139 210.6499 0001899  97.5301 286.1692 13.15558911  3302
ONEWEB-0240             
1 48785U 21045U   22062.91667824  .00000531  00000+0  13769-2 0  9995
2 48785  87.9093 210.6692 0002500 110.5427 168.1261 13.15552245  3318
ONEWEB-0246             
1 48786U 21045V   22062.91667824  .00000571  00000+0  14825-2 0  9994
2 48786  87.9089 210.6833 0001833 118.9685 179.7735 13.15552760  3302
ONEWEB-0210             
1 48787U 21045W   22062.91667824 -.00001941  00000+0 -51911-2 0  9996
2 48787  87.9097 210.6770 0001567 139.4224 279.3750 13.15554402  3302
ONEWEB-0214             
1 48788U 21045X   22062.91667824 -.00000654  00000+0 -17714-2 0  9990
2 48788  87.9110 210.6894 0001292 145.7221 222.9723 13.15554786  3307
ONEWEB-0221             
1 48789U 21045Y   22062.91667824  .00000075  00000+0  16562-3 0  9997
2 48789  87.9095 210.6968 0001817 112.0353 226.6586 13.15554485  3290
ONEWEB-0213             
1 48790U 21045Z   22063.58335648 -.00037486  00000+0 -99992-1 0  9993
2 48790  87.9162 210.4706 0001841 121.7939 192.5527 13.15564540 39725
ONEWEB-0212             
1 48791U 21045AA  22062.91667824 -.00002679  00000+0 -71520-2 0  9998
2 48791  87.9148 210.6348 0001603  91.3822  37.3882 13.15551797 39633
ONEWEB-0227             
1 48792U 21045AB  22062.91667824 -.00002350  00000+0 -62765-2 0  9996
2 48792  87.9169 210.6042 0002035 106.4787  52.3025 13.15550119 39572
ONEWEB-0226             
1 48793U 21045AC  22062.91667824 -.00001645  00000+0 -44033-2 0  9991
2 48793  87.9142 210.5854 0001765 133.5852  55.1396 13.15550866 39534
ONEWEB-0224             
1 48794U 21045AD  22062.91667824 -.00000170  00000+0 -48463-3 0  9996
2 48794  87.9090 210.6755 0002007  89.4541 259.2403 13.15555658  3296
ONEWEB-0233             
1 48795U 21045AE  22062.91667824  .00000234  00000+0  58799-3 0  9999
2 48795  87.9152 210.5783 0002102 104.5457 159.1090 13.15552738  3271
ONEWEB-0190             
1 48796U 21045AF  22062.91667824 -.00001361  00000+0 -36498-2 0  9995
2 48796  87.9164 210.5635 0002500 135.2713 253.4418 13.15556205  3308
ONEWEB-0236             
1 48797U 21045AG  22062.91667824  .00000549  00000+0  14243-2 0  9995
2 48797  87.9095 210.7133 0001761 105.0836 203.5903 13.15556268 39433
ONEWEB-0248             
1 48798U 21045AH  22062.91667824  .00000159  00000+0  38699-3 0  9995
2 48798  87.9090 210.6844 0002787 115.5311 133.1631 13.15550335  3278
ONEWEB-0225             
1 48799U 21045AJ  22062.91667824 -.00002432  00000+0 -64960-2 0  9993
2 48799  87.9132 210.6546 0002321 120.6139  28.0902 13.15550963  3296
ONEWEB-0215             
1 48800U 21045AK  22062.91667824  .00000591  00000+0  15344-2 0  9990
2 48800  87.9090 210.6858 0002726 121.0648 167.7002 13.15554190  3307
ONEWEB-0216             
1 48801U 21045AL  22062.91667824 -.00000090  00000+0 -27398-3 0  9990
2 48801  87.9131 210.6645 0001344 112.1466 126.5536 13.15549893 39489
ONEWEB-0239             
1 48802U 21045AM  22062.91667824  .00001452  00000+0  38226-2 0  9993
2 48802  87.9132 210.6641 0002616 121.6353  97.0330 13.15551845 39541
ONEWEB-0249             
1 48967U 21060A   22063.58335648 -.00000090  00000+0 -26774-3 0  9997
2 48967  87.9212 180.3205 0001589 113.3653 216.4406 13.16591443 34893
ONEWEB-0250             
1 48968U 21060B   22063.58335648 -.00000188  00000+0 -52577-3 0  9996
2 48968  87.9215 180.3215 0002205 112.6047 195.4136 13.16594130 34873
ONEWEB-0251             
1 48969U 21060C   22063.25002315  .00006527  00000+0  18667-3 0  9996
2 48969  87.4236 151.3946 0011908  73.3486 175.3269 15.35692015 38952
ONEWEB-0252             
1 48970U 21060D   22063.58335648  .00000039  00000+0  68834-4 0  9996
2 48970  87.9183 180.3384 0001734 121.6716  55.4238 13.16587635 34933
ONEWEB-0253             
1 48971U 21060E   22063.58335648 -.00000084  00000+0 -25384-3 0  9991
2 48971  87.9198 180.3502 0002034 123.4227  97.2405 13.16590660 34856
ONEWEB-0254             
1 48972U 21060F   22063.58335648  .00000072  00000+0  15557-3 0  9998
2 48972  87.9194 180.3105 0002023 124.4956  63.5038 13.16589823 34857
ONEWEB-0255             
1 48973U 21060G   22063.58335648  .00000039  00000+0  69101-4 0  9997
2 48973  87.9207 180.3725 0002055 121.1074 241.4338 13.16591513 34940
ONEWEB-0256             
1 48974U 21060H   22063.58335648 -.00000150  00000+0 -42512-3 0  9990
2 48974  87.9198 180.3452 0001349 106.0497 136.4766 13.16594794 34901
ONEWEB-0257             
1 48975U 21060J   22063.58335648  .00000195  00000+0  47764-3 0  9992
2 48975  87.9196 180.3731 0001644 123.5200 326.2486 13.16587335 34860
ONEWEB-0258             
1 48976U 21060K   22063.58335648  .00000223  00000+0  55106-3 0  9994
2 48976  87.9204 180.3630 0001848 112.4303 326.4192 13.16586748 34869
ONEWEB-0259             
1 48977U 21060L   22063.58335648  .00000213  00000+0  52421-3 0  9991
2 48977  87.9206 180.3363 0002344 121.2531 339.4807 13.16588665 34900
ONEWEB-0260             
1 48978U 21060M   22063.58335648  .00000123  00000+0  28941-3 0  9992
2 48978  87.9193 180.3541 0001055 142.8478 350.6145 13.16585477 34875
ONEWEB-0261             
1 48979U 21060N   22063.58335648 -.00000283  00000+0 -77517-3 0  9995
2 48979  87.9208 180.3525 0001738 124.1860 172.9032 13.16592956 34949
ONEWEB-0262             
1 48980U 21060P   22063.58335648  .00000284  00000+0  71051-3 0  9993
2 48980  87.9218 180.2832 0001971 128.5671 255.8150 13.16588677 34913
ONEWEB-0263             
1 48981U 21060Q   22063.58335648  .00000018  00000+0  13572-4 0  9994
2 48981  87.9227 180.2736 0002403 126.7612 104.9014 13.16592876 34877
ONEWEB-0264             
1 48982U 21060R   22063.58335648  .00000429  00000+0  10892-2 0  9991
2 48982  87.9231 180.2199 0001826 114.9258 302.4678 13.16587864 34871
ONEWEB-0265             
1 48983U 21060S   22063.58335648  .00255563  23090-4  73452-3 0  9994
2 48983  87.3952 148.8068 0003798  36.2225 227.6713 15.93073006 39330
ONEWEB-0266             
1 48984U 21060T   22063.58335648 -.00000115  00000+0 -33558-3 0  9992
2 48984  87.9222 180.2975 0001786 104.5897 214.2974 13.16590253 34879
ONEWEB-0267             
1 48985U 21060U   22063.58335648 -.00000178  00000+0 -49938-3 0  9991
2 48985  87.9210 180.3151 0001784 130.3638 133.9867 13.16592168 34866
ONEWEB-0268             
1 48986U 21060V   22063.58335648  .00001264  00000+0  32726-2 0  9993
2 48986  87.9214 180.2993 0001288 113.1020 303.6062 13.16591395 35132
ONEWEB-0269             
1 48987U 21060W   22063.58335648  .00000106  00000+0  24318-3 0  9997
2 48987  87.9200 180.3425 0001555 110.0522  34.3136 13.16585838 34919
ONEWEB-0270             
1 48988U 21060X   22063.58335648  .00000316  00000+0  79389-3 0  9999
2 48988  87.9215 180.3039 0001990 109.0277 318.8953 13.16587638 34967
ONEWEB-0271             
1 48989U 21060Y   22063.58335648  .00000170  00000+0  41209-3 0  9998
2 48989  87.9184 180.3291 0002054 126.2521 356.2978 13.16586788 34944
ONEWEB-0272             
1 48990U 21060Z   22063.58335648  .00000183  00000+0  44489-3 0  9997
2 48990  87.9208 180.3152 0001816 124.9168 248.4554 13.16589409 34907
ONEWEB-0273             
1 48991U 21060AA  22063.58335648 -.00000184  00000+0 -51529-3 0  9994
2 48991  87.9223 180.3039 0001965 115.0380 160.2177 13.16592936 34878
ONEWEB-0274             
1 48992U 21060AB  22063.58335648  .00000062  00000+0  12992-3 0  9999
2 48992  87.9181 180.3574 0002006 123.0614  32.2079 13.16588463 34916
ONEWEB-0275             
1 48993U 21060AC  22063.58335648 -.00000689  00000+0 -18371-2 0  9993
2 48993  87.9204 180.3212 0001768 118.6049  91.1392 13.16595494 34833
ONEWEB-0276             
1 48994U 21060AD  22063.58335648  .00000217  00000+0  53293-3 0  9992
2 48994  87.9195 180.3749 0002157 120.7529 285.3886 13.16588906 34866
ONEWEB-0277             
1 48995U 21060AE  22063.58335648 -.00000100  00000+0 -29544-3 0  9998
2 48995  87.9201 180.3758 0002139 129.0951 211.6311 13.16591854 34845
ONEWEB-0278             
1 48996U 21060AF  22063.58335648  .00000380  00000+0  96116-3 0  9996
2 48996  87.9249 180.2369 0001907 115.0176 280.2445 13.16588578 34996
ONEWEB-0279             
1 48997U 21060AG  22063.58335648  .00000070  00000+0  14866-3 0  9995
2 48997  87.9217 180.3029 0001826 104.4101 247.2379 13.16591489 34912
ONEWEB-0280             
1 48998U 21060AH  22063.58335648 -.00000234  00000+0 -64543-3 0  9997
2 48998  87.9216 180.3278 0002254 136.3978 149.7015 13.16592281 34846
ONEWEB-0281             
1 48999U 21060AJ  22063.58335648 -.00000117  00000+0 -34022-3 0  9997
2 48999  87.9217 180.2916 0001206 108.4653 144.9663 13.16591651 34927
ONEWEB-0282             
1 49000U 21060AK  22063.58335648  .00000161  00000+0  38727-3 0  9994
2 49000  87.9195 180.3545 0002175 119.4247 352.1956 13.16586568 34910
ONEWEB-0283             
1 49001U 21060AL  22063.58335648  .00000047  00000+0  88605-4 0  9999
2 49001  87.9192 180.3559 0001876 123.6658  42.4805 13.16590744 34927
ONEWEB-0284             
1 49002U 21060AM  22063.58335648 -.00000012  00000+0 -64773-4 0  9994
2 49002  87.9214 180.3496 0002102 115.5001  83.4052 13.16588619 34891
ONEWEB-0285             
1 49075U 21075A   22062.91667824 -.01158574  00000+0 -19492+0 0  9991
2 49075  87.5595 304.7111 0016017 333.4375 200.3013 14.72870332 30241
ONEWEB-0286             
1 49076U 21075B   22063.58335648  .00000015  00000+0  00000+0 0  9990
2 49076  87.7981 302.2120 0020974 345.5850 213.1284 13.71453330 30071
ONEWEB-0287             
1 49077U 21075C   22063.25002315 -.00023905  00000+0 -61748-1 0  9990
2 49077  87.9122 317.2257 0002238  78.1238  64.6240 13.17665439 28376
ONEWEB-0288             
1 49078U 21075D   22063.25002315 -.01186147  00000+0 -21384+0 0  9990
2 49078  87.5689 304.6613 0016941 338.9137 277.5616 14.69934102 30300
ONEWEB-0289             
1 49079U 21075E   22063.25002315 -.00023486  00000+0 -49790-1 0  9999
2 49079  88.1785 317.0243 0003814  95.6527 168.4355 13.30903815 28924
ONEWEB-0290             
1 49080U 21075F   22063.25002315 -.00023038  00000+0 -59504-1 0  9998
2 49080  87.9114 317.2319 0002204  80.8874  32.4805 13.17664253 28372
ONEWEB-0291             
1 49081U 21075G   22063.25002315 -.00024273  00000+0 -62697-1 0  9998
2 49081  87.9103 317.2458 0002183  77.3125  87.5961 13.17669609 28375
ONEWEB-0293             
1 49082U 21075H   22063.25002315 -.00022064  00000+0 -56984-1 0  9997
2 49082  87.9118 317.1918 0002247  79.7955   4.2066 13.17666044 28394
ONEWEB-0294             
1 49083U 21075J   22063.58335648  .00000015  00000+0  00000+0 0  9998
2 49083  87.7978 302.1965 0022262 340.3766  77.6816 13.73723775 30093
ONEWEB-0295             
1 49084U 21075K   22063.25002315 -.00021846  00000+0 -56424-1 0  9995
2 49084  87.9106 317.1722 0002487  68.8373   7.7693 13.17661127 28330
ONEWEB-0296             
1 49085U 21075L   22063.58335648  .00000015  00000+0  00000+0 0  9990
2 49085  87.7794 302.2709 0021029 346.3394 276.4524 13.78917326 30087
ONEWEB-0297             
1 49086U 21075M   22062.91667824 -.01151146  00000+0 -20333+0 0  9997
2 49086  87.5633 304.7155 0016160 328.3095 151.8318 14.70737905  3542
ONEWEB-0298             
1 49087U 21075N   22063.25002315 -.00021626  00000+0 -55854-1 0  9990
2 49087  87.9123 317.1637 0001634  62.2290   7.0554 13.17662976 28394
ONEWEB-0299             
1 49088U 21075P   22063.25002315 -.00021471  00000+0 -55453-1 0  9994
2 49088  87.9114 317.1234 0001771  70.2854 351.7471 13.17660695 28354
ONEWEB-0300             
1 49089U 21075Q   22062.91667824 -.01111034  00000+0 -18347+0 0  9994
2 49089  87.5650 304.7181 0018182 337.1444  47.0044 14.73506697  3531
ONEWEB-0301             
1 49090U 21075R   22063.58335648  .00000015  00000+0  00000+0 0  9996
2 49090  87.7813 302.2193 0018477 344.7906 116.4041 13.77590137 30089
ONEWEB-0302             
1 49091U 21075S   22063.58335648  .00000015  00000+0  00000+0 0  9997
2 49091  87.8043 302.2044 0020323 340.3839  24.5113 13.70848488 30088
ONEWEB-0304             
1 49092U 21075T   22063.25002315 -.00023761  00000+0 -61377-1 0  9995
2 49092  87.9117 317.1941 0001801  77.7732  57.7072 13.17664687 28331
ONEWEB-0305             
1 49093U 21075U   22063.25002315 -.00024354  00000+0 -62909-1 0  9997
2 49093  87.9121 317.2348 0001940  63.8073 108.3202 13.17666796 28350
ONEWEB-0308             
1 49094U 21075V   22063.58335648  .00000015  00000+0  00000+0 0  9990
2 49094  87.7836 302.2473 0019841 348.3835 154.2362 13.78797756 30089
ONEWEB-0309             
1 49095U 21075W   22063.25002315 -.00024068  00000+0 -62166-1 0  9996
2 49095  87.9127 317.2270 0002429  86.6470  63.5628 13.17670115 28342
ONEWEB-0310             
1 49096U 21075X   22063.25002315 -.01136399  00000+0 -19479+0 0  9996
2 49096  87.5637 304.7379 0015916 338.9965 232.7811 14.72003067 30304
ONEWEB-0311             
1 49097U 21075Y   22063.25002315 -.00023503  00000+0 -60708-1 0  9991
2 49097  87.9125 317.2306 0001745  62.2002  65.9404 13.17664774 28402
ONEWEB-0312             
1 49098U 21075Z   22063.25002315 -.00022358  00000+0 -57747-1 0  9998
2 49098  87.9132 317.1708 0002245  74.1877  17.1874 13.17662677 28369
ONEWEB-0313             
1 49099U 21075AA  22063.25002315 -.00024185  00000+0 -62473-1 0  9991
2 49099  87.9123 317.2342 0002295  73.1654  84.3539 13.17665503 28378
ONEWEB-0314             
1 49100U 21075AB  22063.25002315 -.00024439  00000+0 -63127-1 0  9993
2 49100  87.9129 317.2242 0002238  72.6849 106.8123 13.17668751 28336
ONEWEB-0315             
1 49101U 21075AC  22063.25002315 -.01191538  00000+0 -20425+0 0  9992
2 49101  87.5609 304.6233 0016967 335.9473 257.7561 14.72140177 30309
ONEWEB-0316             
1 49102U 21075AD  22062.91667824  .00003949  00000+0  44800-3 0  9999
2 49102  87.1970 297.7801 0016822 319.8025  43.8385 14.86012008  3566
ONEWEB-0317             
1 49103U 21075AE  22062.91667824 -.01124888  00000+0 -18679+0 0  9990
2 49103  87.5659 304.5536 0017560 335.7130 148.9947 14.73316792  3543
ONEWEB-0318             
1 49104U 21075AF  22062.91667824  .00003807  00000+0  43159-3 0  9990
2 49104  87.1921 297.6744 0017702 317.5472  82.6065 14.86017265  3564
ONEWEB-0319             
1 49105U 21075AG  22063.25002315 -.00023324  00000+0 -60243-1 0  9996
2 49105  87.9123 317.1926 0001771  48.9546  71.7981 13.17668242 28375
ONEWEB-0323             
1 49106U 21075AH  22063.58335648  .00000015  00000+0  00000+0 0  9994
2 49106  87.8012 302.1699 0020043 334.6068 216.4192 13.72110012 30081
ONEWEB-0329             
1 49107U 21075AJ  22063.25002315 -.00022837  00000+0 -58982-1 0  9993
2 49107  87.9119 317.1952 0002059  71.2698  34.8837 13.17668164 28359
ONEWEB-0330             
1 49108U 21075AK  22063.25002315 -.00022559  00000+0 -58265-1 0  9999
2 49108  87.9121 317.2091 0002047  74.4836  24.1564 13.17663861 28396
ONEWEB-0292             
1 49186U 21083A   22063.58335648 -.00893939  00000+0 -90319+0 0  9990
2 49186  87.7917 271.6396 0022779  64.5016 357.1656 13.80574588 26585
ONEWEB-0303             
1 49187U 21083B   22062.91667824  .00020629  00000+0  52186-1 0  9999
2 49187  87.9075 286.7618 0001722  73.6868 327.9822 13.18671554 24836
ONEWEB-0306             
1 49188U 21083C   22062.91667824  .00020012  00000+0  50622-1 0  9999
2 49188  87.9082 286.7447 0001362  61.9903   9.1867 13.18677157 24872
ONEWEB-0307             
1 49189U 21083D   22063.58335648 -.00284407  00000+0 -28392+0 0  9999
2 49189  87.7823 271.6654 0020083  56.7751 239.8198 13.79962093 26572
ONEWEB-0320             
1 49190U 21083E   22062.91667824  .00020486  00000+0  51821-1 0  9999
2 49190  87.9078 286.7672 0001933  92.0179 317.1044 13.18675995  3306
ONEWEB-0321             
1 49191U 21083F   22063.58335648 -.00009439  00000+0 -98970-3 0  9995
2 49191  87.2004 267.6983 0005074  84.8056  68.7322 14.89790632 26820
ONEWEB-0322             
1 49192U 21083G   22063.58335648  .00000692  00000+0  68234-3 0  9996
2 49192  87.7852 271.6878 0020848  66.7541 314.1847 13.77204075 26578
ONEWEB-0324             
1 49193U 21083H   22062.91667824  .00019059  00000+0  48218-1 0  9992
2 49193  87.9070 286.7711 0001746  65.0456  35.4163 13.18675288 24855
ONEWEB-0325             
1 49194U 21083J   22062.91667824  .00019701  00000+0  49836-1 0  9994
2 49194  87.9068 286.6589 0002693  93.8427 352.0100 13.18678838 24868
ONEWEB-0326             
1 49195U 21083K   22062.91667824  .00020745  00000+0  52478-1 0  9991
2 49195  87.9068 286.7535 0001950  75.9404 318.3549 13.18672544 24851
ONEWEB-0327             
1 49196U 21083L   22062.91667824  .00018931  00000+0  47891-1 0  9999
2 49196  87.9082 286.7119 0001774  45.5356  62.2698 13.18677848 24873
ONEWEB-0328             
1 49197U 21083M   22063.58335648 -.00003270  00000+0 -33398-2 0  9990
2 49197  87.7792 271.6886 0020865  69.7398 209.6917 13.76792987 26565
ONEWEB-0331             
1 49198U 21083N   22062.91667824  .00020360  00000+0  51505-1 0  9997
2 49198  87.9081 286.7572 0001712  70.6033 345.7204 13.18673335 24868
ONEWEB-0333             
1 49199U 21083P   22063.58335648  .00000016  00000+0  00000+0 0  9996
2 49199  87.7790 271.6688 0019273  68.3821 139.7621 13.78997267 26578
ONEWEB-0334             
1 49200U 21083Q   22063.58335648 -.00010431  00000+0 -10942-2 0  9992
2 49200  87.1965 267.6044 0002731  28.0540 193.1113 14.89771291 26820
ONEWEB-0335             
1 49201U 21083R   22063.58335648  .00000016  00000+0  00000+0 0  9990
2 49201  87.7780 271.7030 0021947  58.6471 229.3951 13.80972534 26561
ONEWEB-0336             
1 49202U 21083S   22063.58335648 -.00003190  00000+0 -32410-2 0  9992
2 49202  87.7896 271.6814 0020492  53.2008 230.1007 13.77120537 26566
ONEWEB-0337             
1 49203U 21083T   22063.58335648  .00000016  00000+0  00000+0 0  9992
2 49203  87.7906 271.6357 0022834  58.6961 170.6161 13.82165376 26576
ONEWEB-0338             
1 49204U 21083U   22063.58335648 -.00001243  00000+0 -13267-3 0  9991
2 49204  87.2026 267.7303 0004280  50.5259  66.8391 14.89816406 26822
ONEWEB-0339             
1 49205U 21083V   22063.58335648 -.00305796  00000+0 -31997+0 0  9998
2 49205  87.7879 271.6756 0020961  61.4970 287.3072 13.77314105 26578
ONEWEB-0340             
1 49206U 21083W   22062.91667824  .00018610  00000+0  47083-1 0  9998
2 49206  87.9072 286.7633 0001876  80.3180  34.8615 13.18675513  3306
ONEWEB-0341             
1 49207U 21083X   22062.91667824  .00019935  00000+0  50428-1 0  9997
2 49207  87.9092 286.6584 0002888  84.2742 354.1748 13.18675374  3292
ONEWEB-0342             
1 49208U 21083Y   22063.58335648 -.00011257  00000+0 -11799-2 0  9998
2 49208  87.1988 267.6496 0004251  50.3281 231.5187 14.89798393 26823
ONEWEB-0343             
1 49209U 21083Z   22062.91667824  .00019379  00000+0  49024-1 0  9991
2 49209  87.9083 286.7123 0003118  93.6748 359.4421 13.18675451  3282
ONEWEB-0344             
1 49210U 21083AA  22063.58335648 -.00001876  00000+0 -19033-2 0  9996
2 49210  87.7874 271.6643 0022201  54.4459 138.1187 13.77364694 26564
ONEWEB-0345             
1 49211U 21083AB  22063.58335648  .00000016  00000+0  00000+0 0  9991
2 49211  87.7920 271.6943 0021480  54.3058 281.7826 13.82147070 26571
ONEWEB-0346             
1 49212U 21083AC  22062.91667824  .00020266  00000+0  51264-1 0  9991
2 49212  87.9081 286.7068 0001721  62.3043   1.5216 13.18676787  3304
ONEWEB-0348             
1 49213U 21083AD  22063.58335648 -.00010508  00000+0 -11021-2 0  9990
2 49213  87.2011 267.7043 0003595  45.0589 197.2914 14.89778363 26829
ONEWEB-0350             
1 49214U 21083AE  22063.58335648  .00000016  00000+0  00000+0 0  9994
2 49214  87.8406 271.6273 0016691  62.5508 199.1613 13.89119308 26586
ONEWEB-0351             
1 49215U 21083AF  22063.58335648 -.00010531  00000+0 -11044-2 0  9993
2 49215  87.1948 267.5590 0002891  39.6661 330.4034 14.89781283 26832
ONEWEB-0352             
1 49216U 21083AG  22063.58335648  .00000017  00000+0  00000+0 0  9997
2 49216  88.0180 271.3699 0021137  54.7168 198.1214 14.10211147 26669
ONEWEB-0354             
1 49217U 21083AH  22063.58335648 -.00010888  00000+0 -11416-2 0  9993
2 49217  87.1996 267.6598 0002955  57.8525 201.9986 14.89788798 26845
ONEWEB-0355             
1 49218U 21083AJ  22063.58335648 -.00004717  00000+0 -47933-2 0  9991
2 49218  87.7801 271.6577 0018572  64.4096 254.2319 13.77032611 26571
ONEWEB-0357             
1 49219U 21083AK  22063.58335648 -.00010098  00000+0 -10587-2 0  9996
2 49219  87.1991 267.6579 0004522  50.4186 147.0527 14.89791264 26826
ONEWEB-0332             
1 49279U 21090A   22063.25002315 -.00001838  00000+0 -20087-3 0  9995
2 49279  87.4993 244.1839 0004676 139.9659 147.3544 14.88536419 21076
ONEWEB-0347             
1 49280U 21090B   22063.25002315 -.00001599  00000+0 -17522-3 0  9991
2 49280  87.4959 244.1674 0003632 109.3875 213.1739 14.88529163 21075
ONEWEB-0349             
1 49281U 21090C   22063.25002315 -.00004315  00000+0 -43893-3 0  9991
2 49281  87.2017 243.6219 0004533 122.4074  65.7937 14.91119618 22409
ONEWEB-0353             
1 49282U 21090D   22063.25002315 -.00002075  00000+0 -22789-3 0  9994
2 49282  87.5124 244.1935 0005949 113.8082 164.5899 14.88272930 22361
ONEWEB-0356             
1 49283U 21090E   22063.25002315 -.00000071  00000+0 -99891-5 0  9999
2 49283  87.2015 243.6271 0003908 126.8277 187.6637 14.91087675 22391
ONEWEB-0358             
1 49284U 21090F   22063.25002315 -.00001688  00000+0 -18379-3 0  9995
2 49284  87.5144 244.2001 0003452 124.4344 175.7714 14.88739299 22362
ONEWEB-0359             
1 49285U 21090G   22063.25002315 -.00002760  00000+0 -30016-3 0  9990
2 49285  87.5169 244.1772 0003734 112.7947 278.3581 14.88553176 22344
ONEWEB-0360             
1 49286U 21090H   22063.25002315 -.00000273  00000+0 -30465-4 0  9997
2 49286  87.2023 243.6419 0005916 156.5403 137.0428 14.91087269 22395
ONEWEB-0361             
1 49287U 21090J   22063.25002315 -.00001092  00000+0 -11317-3 0  9992
2 49287  87.2020 243.6312 0004146 128.9064 259.1582 14.91116407 22399
ONEWEB-0362             
1 49288U 21090K   22063.58335648 -.00025131  00000+0 -62959-1 0  9993
2 49288  87.9115 256.1402 0001373 108.1894 352.6403 13.19746322 21238
ONEWEB-0363             
1 49289U 21090L   22063.25002315 -.00000903  00000+0 -94153-4 0  9994
2 49289  87.2037 243.6704 0004387 102.9732 169.6020 14.91084126 22399
ONEWEB-0364             
1 49290U 21090M   22063.25002315 -.00002727  00000+0 -29663-3 0  9995
2 49290  87.5120 244.2721 0003951 118.3834 264.0607 14.88538560 22341
ONEWEB-0365             
1 49291U 21090N   22063.58335648 -.00025220  00000+0 -63183-1 0  9996
2 49291  87.9122 256.1184 0001842  92.8507 338.5494 13.19745819 21219
ONEWEB-0366             
1 49292U 21090P   22063.25002315 -.00004064  00000+0 -44181-3 0  9995
2 49292  87.5071 244.2248 0004037 125.9147 105.0012 14.88445806 22365
ONEWEB-0367             
1 49293U 21090Q   22063.25002315 -.00001757  00000+0 -18030-3 0  9996
2 49293  87.2058 243.7059 0005078 151.1786 102.5355 14.91125609 22393
ONEWEB-0368             
1 49294U 21090R   22063.25002315 -.00004854  00000+0 -52590-3 0  9997
2 49294  87.5115 244.3037 0004156 146.0670 309.5608 14.88548210 22354
ONEWEB-0369             
1 49295U 21090S   22063.50001157  .00021515  00000+0  53579-1 0  9996
2 49295  87.9129 256.0874 0001544 103.1583 307.2023 13.19729313 21193
ONEWEB-0370             
1 49296U 21090T   22063.25002315 -.00001205  00000+0 -12474-3 0  9993
2 49296  87.2001 243.5983 0003715 133.5756 263.9966 14.91083162 22415
ONEWEB-0371             
1 49297U 21090U   22063.58335648 -.00025278  00000+0 -63334-1 0  9993
2 49297  87.9123 256.0157 0001768  88.9889 327.7427 13.19741929 21248
ONEWEB-0372             
1 49298U 21090V   22063.25002315 -.00004431  00000+0 -45072-3 0  9999
2 49298  87.2007 243.6020 0005363 158.0884   0.1024 14.91116149 22408
ONEWEB-0373             
1 49299U 21090W   22063.25002315 -.00005814  00000+0 -62979-3 0  9991
2 49299  87.5100 244.2238 0004483 144.5386  39.6953 14.88517238 22366
ONEWEB-0374             
1 49300U 21090X   22063.25002315 -.00002602  00000+0 -28324-3 0  9992
2 49300  87.5121 244.2820 0003524 144.0196 123.6707 14.88541658 22340
ONEWEB-0375             
1 49301U 21090Y   22063.25002315 -.00001750  00000+0 -19135-3 0  9996
2 49301  87.5107 244.1809 0004284 136.9375 200.1286 14.88550542 22361
ONEWEB-0376             
1 49302U 21090Z   22063.58335648 -.00025229  00000+0 -63207-1 0  9995
2 49302  87.9260 256.0904 0001656 104.8458 319.1994 13.19745463 21244
ONEWEB-0377             
1 49303U 21090AA  22063.25002315 -.00003172  00000+0 -34457-3 0  9992
2 49303  87.5088 244.2762 0003982 104.3623 297.2912 14.88550517 22342
ONEWEB-0378             
1 49304U 21090AB  22063.25002315 -.00003184  00000+0 -32466-3 0  9994
2 49304  87.1962 243.5237 0004969 144.6423  72.8443 14.91107117 22434
ONEWEB-0379             
1 49305U 21090AC  22063.25002315 -.00060211  00000+0 -65370-2 0  9998
2 49305  87.5001 244.2471 0002808 132.0431 296.3485 14.88583834 22351
ONEWEB-0380             
1 49306U 21090AD  22063.58335648 -.00025252  00000+0 -63268-1 0  9992
2 49306  87.9124 256.0986 0001953  88.7272 350.0535 13.19741522 21215
ONEWEB-0381             
1 49307U 21090AE  22063.25002315 -.00000746  00000+0 -78251-4 0  9991
2 49307  87.2049 243.6780 0003585 124.4305 239.5900 14.91124768 22392
ONEWEB-0382             
1 49308U 21090AF  22063.25002315  .00000050  00000+0  22252-5 0  9999
2 49308  87.1999 243.5727 0004188 125.6382 185.7954 14.91082587 22410
ONEWEB-0383             
1 49309U 21090AG  22063.25002315 -.00002542  00000+0 -27692-3 0  9991
2 49309  87.5034 244.2060 0003962 141.7564 239.1726 14.88516690 22372
ONEWEB-0384             
1 49310U 21090AH  22063.25002315 -.00000108  00000+0 -13780-4 0  9993
2 49310  87.1991 243.5785 0003791 135.9459 161.0323 14.91091736 22410
ONEWEB-0385             
1 49311U 21090AJ  22063.25002315  .00000155  00000+0  12768-4 0  9999
2 49311  87.1941 243.4865 0004891 138.8028 197.7775 14.91089778 22410
ONEWEB-0386             
1 49312U 21090AK  22063.25002315 -.00002624  00000+0 -26796-3 0  9990
2 49312  87.2023 243.6424 0004410 106.1480 127.5102 14.91126931 22387
ONEWEB-0387             
1 49313U 21090AL  22063.25002315 -.00002875  00000+0 -29349-3 0  9996
2 49313  87.2026 243.6369 0003779 133.4401 324.1205 14.91110558 22390
ONEWEB-0388             
1 49314U 21090AM  22063.58335648 -.00025217  00000+0 -63182-1 0  9997
2 49314  87.9107 256.1044 0001728  89.1969   4.2811 13.19740896 21217
ONEWEB-0389             
1 50469U 21132A   22063.25002315  .00002224  00000+0  21475-3 0  9995
2 50469  87.2247 332.5861 0004754  69.2445 263.8305 14.92383722 11363
ONEWEB-0390             
1 50470U 21132B   22063.25002315  .00002618  00000+0  25369-3 0  9990
2 50470  87.2293 332.6130 0004830  81.3366  53.6608 14.92322560 11351
ONEWEB-0391             
1 50471U 21132C   22063.25002315 -.00000384  00000+0 -40418-4 0  9994
2 50471  87.2235 332.5688 0004400  85.1031 335.2412 14.92365724 11361
ONEWEB-0392             
1 50472U 21132D   22063.25002315  .00005226  00000+0  50939-3 0  9991
2 50472  87.2278 332.6074 0004748  47.9012 169.6674 14.92290820 11351
ONEWEB-0393             
1 50473U 21132E   22063.25002315  .00003677  00000+0  35772-3 0  9998
2 50473  87.2264 332.5872 0004747  55.6930 100.0759 14.92284060 11369
ONEWEB-0394             
1 50474U 21132F   22063.25002315  .00005118  00000+0  49808-3 0  9996
2 50474  87.2294 332.6300 0005338  88.8331 150.2260 14.92346251 11343
ONEWEB-0395             
1 50475U 21132G   22063.25002315 -.01055103  00000+0 -41087+0 0  9996
2 50475  87.5674 334.4807 0019819  66.3125 189.4292 14.33205658 11251
ONEWEB-0396             
1 50476U 21132H   22063.25002315  .00000850  00000+0  80470-4 0  9997
2 50476  87.2329 332.6540 0004219  46.6569 321.1856 14.92328096 11349
ONEWEB-0397             
1 50477U 21132J   22063.25002315  .00005148  00000+0  50280-3 0  9998
2 50477  87.2333 332.6544 0005208  78.5637 125.2718 14.92208513 11338
ONEWEB-0398             
1 50478U 21132K   22063.58335648 -.00901149  00000+0 -36435+0 0  9993
2 50478  87.5584 334.3947 0023880  68.8657  58.3366 14.30725314 11291
ONEWEB-0399             
1 50479U 21132L   22062.91667824 -.01029036  00000+0 -42845+0 0  9993
2 50479  87.5349 334.5555 0022198  70.0236 347.7017 14.29660529  3526
ONEWEB-0400             
1 50480U 21132M   22063.25002315  .00001781  00000+0  17187-3 0  9990
2 50480  87.2284 332.5956 0003998  70.3350  49.2706 14.92288031 11367
ONEWEB-0401             
1 50481U 21132N   22063.25002315  .00001071  00000+0  10228-3 0  9992
2 50481  87.2309 332.6301 0004707  97.1671 263.8828 14.92290471 11352
ONEWEB-0402             
1 50482U 21132P   22063.25002315  .00002075  00000+0  20076-3 0  9990
2 50482  87.2313 332.6336 0004859  88.0899  36.1507 14.92272389 11358
ONEWEB-0403             
1 50483U 21132Q   22063.25002315  .00005008  00000+0  48674-3 0  9994
2 50483  87.2289 332.6139 0003460  88.5832 105.2100 14.92407879 11352
ONEWEB-0404             
1 50484U 21132R   22063.58335648 -.00941514  00000+0 -39454+0 0  9994
2 50484  87.5423 334.3695 0023088  68.3875 253.5628 14.29027838 11280
ONEWEB-0405             
1 50485U 21132S   22063.25002315  .00002421  00000+0  23461-3 0  9999
2 50485  87.3063 332.9367 0003387  40.8019  70.6825 14.92288366 11354
ONEWEB-0406             
1 50486U 21132T   22063.25002315  .00000376  00000+0  34012-4 0  9992
2 50486  87.2334 332.6454 0004675  48.0874 337.2843 14.92347181 11352
ONEWEB-0407             
1 50487U 21132U   22063.25002315  .00004272  00000+0  41550-3 0  9996
2 50487  87.2248 332.5842 0004112  43.0415 238.2099 14.92341349 11363
ONEWEB-0409             
1 50488U 21132V   22063.25002315 -.00930499  00000+0 -37580+0 0  9992
2 50488  87.5540 334.4669 0023210  71.5111 165.9612 14.30887937 11243
ONEWEB-0412             
1 50489U 21132W   22063.25002315  .00002383  00000+0  23105-3 0  9995
2 50489  87.2297 332.6300 0004166  65.4092  64.7005 14.92262937 11417
ONEWEB-0413             
1 50490U 21132X   22063.25002315  .00005024  00000+0  48980-3 0  9990
2 50490  87.2235 332.5604 0005492  85.5866 123.1198 14.92272812 11362
ONEWEB-0414             
1 50491U 21132Y   22063.25002315  .00004938  00000+0  47881-3 0  9993
2 50491  87.2285 332.6118 0004636  41.1545 214.3127 14.92491698 11360
ONEWEB-0417             
1 50492U 21132Z   22063.25002315  .00002352  00000+0  22761-3 0  9992
2 50492  87.2311 332.6371 0004833  52.5878 280.0611 14.92327687 11359
ONEWEB-0418             
1 50493U 21132AA  22063.25002315  .00005341  00000+0  52052-3 0  9990
2 50493  87.2348 332.6734 0006327  67.9131 142.3672 14.92294127 11332
ONEWEB-0419             
1 50494U 21132AB  22063.25002315 -.00000112  00000+0 -13724-4 0  9998
2 50494  87.2239 332.5691 0003995  36.0947  20.9408 14.92575114 11362
ONEWEB-0420             
1 50495U 21132AC  22062.91667824 -.00048993  00000+0 -48056-2 0  9996
2 50495  87.2185 332.6380 0005107  94.0941 322.1690 14.92592536  3542
ONEWEB-0421             
1 50496U 21132AD  22063.25002315  .00002976  00000+0  28890-3 0  9997
2 50496  87.2201 332.5410 0004879 104.4707 208.4245 14.92301119 11384
ONEWEB-0424             
1 50497U 21132AE  22063.25002315  .00005393  00000+0  52546-3 0  9999
2 50497  87.2379 332.6861 0004961  51.3909 160.1355 14.92313281 11343
ONEWEB-0426             
1 50498U 21132AF  22063.25002315 -.00008739  00000+0 -86229-3 0  9994
2 50498  87.2245 332.5801 0003253  70.2720 134.4012 14.92237617 11356
ONEWEB-0427             
1 50499U 21132AG  22063.25002315 -.00000193  00000+0 -21721-4 0  9998
2 50499  87.2187 332.5304 0002160  46.5658  15.1766 14.92288061 11385
ONEWEB-0429             
1 50500U 21132AH  22063.25002315  .00004929  00000+0  48117-3 0  9997
2 50500  87.2214 332.5400 0004848  94.8427 110.2986 14.92219601 11364
ONEWEB-0430             
1 50501U 21132AJ  22063.25002315  .00001813  00000+0  17505-3 0  9994
2 50501  87.2354 332.6766 0003829  49.1369  66.3325 14.92291402 11336
ONEWEB-0432             
1 50502U 21132AK  22063.25002315 -.00000231  00000+0 -25255-4 0  9992
2 50502  87.2214 332.5461 0006003  86.3223 318.7477 14.92559954 11388
ONEWEB-0440             
1 50503U 21132AL  22063.25002315  .00001935  00000+0  18738-3 0  9990
2 50503  87.2238 332.5617 0004775  89.7533  35.7203 14.92198778 11367
ONEWEB-0450             
1 50504U 21132AM  22063.25002315  .00001782  00000+0  17177-3 0  9997
2 50504  87.2334 332.6532 0004242  71.3487 272.4141 14.92330338 11356
ONEWEB-0410             
1 51622U 22012A   22063.25002315 -.00785273  00000+0 -38269-1 0  9996
2 51622  87.3419 354.1469 0017871 163.4273  14.1243 15.20817571  4569
ONEWEB-0411             
1 51623U 22012B   22063.58335648 -.00935016  00000+0 -58947-1 0  9998
2 51623  87.4084 354.1102 0016363 166.8944  63.8477 15.11883285  4600
ONEWEB-0415             
1 51624U 22012C   22063.58335648 -.00960494  00000+0 -59555-1 0  9993
2 51624  87.4081 354.1068 0017453 167.0145  95.0304 15.12531594  4606
ONEWEB-0416             
1 51625U 22012D   22063.58335648 -.00953173  00000+0 -52956-1 0  9998
2 51625  87.4146 354.0817 0015067 164.6680 290.2043 15.16432921  4614
ONEWEB-0422             
1 51626U 22012E   22063.58335648 -.00810178  00000+0 -42536-1 0  9999
2 51626  87.3825 354.0672 0017693 165.3399 349.3173 15.18346971  4610
ONEWEB-0423             
1 51627U 22012F   22063.58335648 -.00815711  00000+0 -40458-1 0  9999
2 51627  87.3411 354.0372 0019203 160.0735  50.5646 15.20286733  4612
ONEWEB-0425             
1 51628U 22012G   22063.58335648 -.00969652  00000+0 -57647-1 0  9992
2 51628  87.4157 354.1016 0017845 158.5240 181.1876 15.14044625  4611
ONEWEB-0428             
1 51629U 22012H   22063.58335648 -.00947887  00000+0 -60569-1 0  9996
2 51629  87.4060 354.1145 0015549 166.9371  41.2305 15.11453445  4596
ONEWEB-0431             
1 51630U 22012J   22063.58335648 -.00937537  00000+0 -56003-1 0  9997
2 51630  87.4112 354.1019 0018129 159.8485 165.0104 15.13777235  4613
ONEWEB-0434             
1 51631U 22012K   22063.58335648 -.00926707  00000+0 -53854-1 0  9996
2 51631  87.4147 354.0985 0016381 154.7139 208.0370 15.14753209  4610
ONEWEB-0435             
1 51632U 22012L   22063.58335648 -.00941066  00000+0 -57512-1 0  9997
2 51632  87.4117 354.1140 0018113 167.1733 111.0588 15.12976906  4607
ONEWEB-0436             
1 51633U 22012M   22063.58335648 -.00821092  00000+0 -39585-1 0  9994
2 51633  87.3432 354.0296 0017571 153.0500 111.6894 15.21306773  4628
ONEWEB-0438             
1 51634U 22012N   22063.16667824 -.00911462  00000+0 -49887-1 0  9990
2 51634  87.4162 354.2319 0015218 164.1806 158.7599 15.16832936  4551
ONEWEB-0439             
1 51635U 22012P   22063.58335648 -.00964526  00000+0 -56055-1 0  9997
2 51635  87.4139 354.0887 0016097 154.8468 220.8802 15.14866182  4613
ONEWEB-0442             
1 51636U 22012Q   22063.58335648 -.00797665  00000+0 -37875-1 0  9995
2 51636  87.3421 354.0198 0015771 151.4272 146.1109 15.21783921  4635
ONEWEB-0443             
1 51637U 22012R   22063.16667824 -.00769646  00000+0 -36334-1 0  9991
2 51637  87.3461 354.1763 0017640 156.4907 337.0308 15.21852003  4568
ONEWEB-0444             
1 51638U 22012S   22063.58335648 -.00952661  00000+0 -51945-1 0  9990
2 51638  87.4164 354.0844 0014812 167.4887 303.3270 15.17089705  4612
ONEWEB-0445             
1 51639U 22012T   22063.58335648 -.00315933  00000+0 -17467-1 0  9997
2 51639  87.4121 354.0889 0015034 157.1877 243.0669 15.15348658  4612
ONEWEB-0446             
1 51640U 22012U   22063.58335648 -.00954808  00000+0 -53253-1 0  9992
2 51640  87.4167 354.0836 0014940 162.8098 286.5937 15.16304335  4614
ONEWEB-0448             
1 51641U 22012V   22063.58335648 -.00973067  00000+0 -59084-1 0  9999
2 51641  87.4065 354.1051 0017918 164.1852 133.1962 15.13304804  4605
ONEWEB-0449             
1 51642U 22012W   22063.58335648 -.00825205  00000+0 -49722-1 0  9998
2 51642  87.4104 354.1024 0018025 160.9415 151.3701 15.13569086  4618
ONEWEB-0451             
1 51643U 22012X   22063.58335648 -.00805206  00000+0 -39418-1 0  9999
2 51643  87.3416 354.0332 0018646 157.9767  71.9240 15.20711415  4629
ONEWEB-0452             
1 51644U 22012Y   22063.16667824 -.00779833  00000+0 -33637-1 0  9991
2 51644  87.3620 354.1778 0015028 153.4487  52.8628 15.24967432  4560
ONEWEB-0455             
1 51645U 22012Z   22063.58335648 -.00945779  00000+0 -58747-1 0  9997
2 51645  87.4073 354.1110 0016589 168.9095  80.0075 15.12441678  4603
ONEWEB-0456             
1 51646U 22012AA  22063.16667824 -.00903801  00000+0 -47716-1 0  9990
2 51646  87.4163 354.2174 0015964 166.5977 201.8599 15.18050294  4558
ONEWEB-0457             
1 51647U 22012AB  22063.25002315 -.00945380  00000+0 -52628-1 0  9995
2 51647  87.4117 354.1960 0014862 161.6317 241.3770 15.16344499  4562
ONEWEB-0458             
1 51648U 22012AC  22063.25002315 -.00950996  00000+0 -54932-1 0  9995
2 51648  87.4129 354.2104 0016343 156.8368 179.4392 15.15037512  4560
ONEWEB-0461             
1 51649U 22012AD  22063.58335648 -.00786225  00000+0 -41642-1 0  9996
2 51649  87.3828 354.0740 0016884 167.3609 328.2746 15.17980863  4616
ONEWEB-0463             
1 51650U 22012AE  22063.58335648 -.00792370  00000+0 -38430-1 0  9997
2 51650  87.3442 354.0327 0017978 156.0520  86.3410 15.21001623  4627
ONEWEB-0464             
1 51651U 22012AF  22063.58335648 -.00965258  00000+0 -55343-1 0  9997
2 51651  87.4135 354.0880 0015088 158.6878 249.4674 15.15363770  4616
ONEWEB-0468             
1 51652U 22012AG  22063.58335648 -.00947693  00000+0 -58035-1 0  9992
2 51652  87.4065 354.0991 0018154 165.2082 119.4977 15.12923019  4606
ONEWEB-0473             
1 51653U 22012AH  22063.58335648 -.00950984  00000+0 -55252-1 0  9998
2 51653  87.4118 354.0980 0016216 156.0697 227.2977 15.14834835  4619
ONEWEB-0474             
1 51654U 22012AJ  22063.58335648 -.00960681  00000+0 -59005-1 0  9994
2 51654  87.4089 354.1149 0014895 169.2823  63.2472 15.12918381  4607
ONEWEB-0475             
1 51655U 22012AK  22063.58335648 -.00814770  00000+0 -40520-1 0  9994
2 51655  87.3436 354.0454 0018049 163.5036  25.7898 15.20217295  4610
