OBJECT_NAME,OBJECT_ID,EPOCH,MEAN_MOTION,ECCENTRICITY,INCLINATION,RA_OF_ASC_NODE,ARG_OF_PERICENTER,MEAN_ANOMALY,EPHEMERIS_TYPE,CLASSIFICATION_TYPE,NORAD_CAT_ID,ELEMENT_SET_NO,REV_AT_EPOCH,BSTAR,MEAN_MOTION_DOT,MEAN_MOTION_DDOT
OPS 6582 (TRANSIT 5B-5),1964-083D,2026-05-16T15:06:57.115008,13.57009624,.0041862,90.0787,202.7843,13.1394,152.1889,0,U,965,999,3933,.50682E-4,.45E-6,0
LES-1,1965-008C,2026-05-16T14:23:22.993152,9.88355220,.0015413,32.1393,119.5331,157.0909,203.0277,0,U,1002,999,21306,-.90527E-3,.2E-7,0
SOLRAD 7B,1965-016D,2026-05-16T20:21:20.803680,13.94971818,.0020521,70.0789,302.8905,169.1069,191.0485,0,U,1291,999,11233,.18239E-4,-.28E-6,0
SECOR 4 (EGRS 4),1965-027B,2026-05-16T21:30:49.741056,12.92667130,.0029431,90.2526,14.8683,283.0106,87.7821,0,U,1315,999,88288,.17295E-3,.54E-6,0
TIROS 10,1965-051A,2026-05-16T14:26:50.972640,14.41617091,.005549,98.4996,256.0781,172.6426,187.5590,0,U,1430,999,19136,.41339E-4,.92E-6,0
ALOUETTE 2,1965-098A,2026-05-16T17:23:43.185696,12.28321700,.1330161,79.7993,303.4361,296.3645,50.6888,0,U,1804,999,67541,.53731E-4,.158E-5,0
OV3-3,1966-070A,2026-05-16T21:21:43.357824,13.44592676,.1014142,81.3282,358.6158,238.8488,110.9371,0,U,2389,999,59476,.30464E-3,.6713E-4,0
SECOR 7 (EGRS 7),1966-077B,2026-05-16T19:07:13.805184,8.59615434,.0011771,90.3326,277.0717,89.0586,271.1614,0,U,2411,999,87468,-.14506E-1,-.28E-6,0
ERS 15,1966-077C,2026-05-16T18:38:24.650880,8.59079306,.0007422,90.3326,276.8641,98.4005,261.7688,0,U,2412,999,38776,0,.2E-7,0
ISIS 1,1969-009A,2026-05-16T12:11:14.175744,11.30428452,.170615,88.4421,147.8824,312.2659,34.5454,0,U,3669,999,35619,.46518E-4,.64E-6,0
SECOR 13 (EGRS 13),1969-037B,2026-05-16T21:06:30.154752,13.42975828,.0039113,99.6531,9.7195,329.3658,93.0304,0,U,3891,999,79755,.52754E-4,-.12E-6,0
ATS 5,1969-069A,2026-05-16T15:30:07.660800,0.99489594,.0005386,0.2328,170.7420,111.1857,54.7525,0,U,4068,999,4601,0,.114E-5,0
OPS 7613 (P/L 4),1969-082E,2026-05-16T17:22:26.058144,13.95991132,.0020331,70.0133,171.1043,178.9109,299.6719,0,U,4237,999,88191,.52745E-4,.2E-6,0
OPS 7613 (P/L 1),1969-082B,2026-05-16T17:02:31.421760,13.99188163,.0017106,70.0110,32.6354,109.1010,251.1951,0,U,4256,999,88606,.8067E-4,.64E-6,0
SHINSEI (MS-F2),1971-080A,2026-05-16T15:58:45.667776,12.74250009,.0639519,32.0548,239.5228,190.6895,167.9498,0,U,5485,999,54523,.80954E-4,.7E-6,0
PROSPERO (BLACK ARROW),1971-093A,2026-05-16T11:01:46.127424,14.01557782,.05007,82.0371,318.6871,318.2316,38.1620,0,U,5580,999,74408,.14975E-3,.708E-5,0
OPS 7898 (P/L 2),1971-110C,2026-05-16T19:28:22.334304,13.74756074,.0009466,69.9900,67.6698,222.6296,137.4065,0,U,5680,999,34390,.25581E-4,-.26E-6,0
NOAA 2 (ITOS-D),1972-082A,2026-05-16T20:31:14.743200,12.53214033,.0003815,102.0092,155.0818,225.0933,308.5638,0,U,6235,999,45102,.75509E-4,-.34E-6,0
OSCAR 7 (AO-7),1974-089B,2026-05-16T19:22:29.957952,12.53697615,.0012189,101.9914,149.7257,189.2243,344.2759,0,U,7530,999,35658,.68078E-4,-.36E-6,0
TIROS N,1978-096A,2026-05-16T18:26:29.939712,14.19365289,.0009834,98.4549,159.2426,340.4549,19.6250,0,U,11060,999,67429,.62681E-4,.9E-6,0
PHASE 3B (AO-10),1983-058B,2026-05-16T07:41:49.259328,2.05872168,.60219801,25.8953,224.8606,106.8922,324.1466,0,U,14129,999,29483,0,-.19E-6,0
HILAT,1983-063A,2026-05-16T21:28:18.273216,14.38690914,.0039829,82.0251,190.1167,27.6310,145.4265,0,U,14154,999,24308,.67713E-4,.225E-5,0
UOSAT 2 (UO-11),1984-021B,2026-05-16T21:00:30.845664,14.90703215,.0006136,97.8040,102.8061,292.8273,67.2296,0,U,14781,999,25246,.68513E-4,.616E-5,0
NOAA 9,1984-123A,2026-05-16T21:00:55.523232,14.17059195,.0015717,99.1010,162.7852,79.7574,93.9779,0,U,15427,999,13898,.51477E-4,.57E-6,0
GEOSAT,1985-021A,2026-05-16T11:18:05.169888,14.39950837,.0001348,108.0466,15.4455,262.4505,97.6484,0,U,15595,999,15820,.54099E-4,.34E-6,0
EUTELSAT 1-F4 (ECS 4),1987-078B,2026-05-16T09:54:26.287200,0.98690399,.001167,13.8514,342.3503,40.0497,132.7535,0,U,18351,999,12644,0,-.232E-5,0
PACSAT (AO-16),1990-005D,2026-05-16T20:47:38.857344,14.33926012,.0009906,98.8545,171.8077,329.0047,211.6044,0,U,20439,999,89744,.4517E-4,.79E-6,0
LUSAT (LO-19),1990-005G,2026-05-16T20:32:13.966080,14.34112743,.0010565,98.8868,157.7955,301.1498,58.8649,0,U,20442,999,89790,.41922E-4,.7E-6,0
IRS-1B,1991-061A,2026-05-16T11:52:43.710240,13.97872447,.0025216,99.4126,143.6516,89.1485,35.0139,0,U,21688,999,66406,-.73963E-4,-.152E-5,0
COSMOS 2197,1992-042A,2026-05-16T18:03:08.904096,12.64251545,.0012125,82.5943,249.0170,350.8878,162.3817,0,U,22034,999,56131,.56704E-4,.21E-6,0
PEGASUS R/B,1993-009C,2026-05-16T16:54:35.763840,14.57924135,.0044093,24.9782,288.1307,127.1669,233.2879,0,U,22491,999,76503,.10222E-3,.688E-5,0
EYESAT A (AO-27),1993-061C,2026-05-16T19:31:44.908608,14.30933054,.0008285,98.6890,204.2362,184.6679,175.4427,0,U,22825,999,70251,.39415E-4,.59E-6,0
ITAMSAT (IO-26),1993-061D,2026-05-16T14:13:34.439808,14.31359017,.0009124,98.6839,203.9296,169.2597,190.8782,0,U,22826,999,70279,.40684E-4,.63E-6,0
RADIO ROSTO (RS15),1994-085A,2026-05-16T21:32:17.498400,11.27583603,.0155072,64.8189,353.8223,9.6130,350.7704,0,U,23439,999,29237,-.28057E-3,-.52E-6,0
JAS-2 (FO-29),1996-046B,2026-05-16T19:32:38.220000,13.53272582,.0349912,98.5272,349.9786,177.6934,182.5921,0,U,24278,999,46892,.46486E-4,.11E-6,0
FORTE,1997-047A,2026-05-16T20:27:54.722016,14.27931207,.0023831,69.9527,84.7954,315.6547,44.2665,0,U,24920,999,49421,.66178E-4,.107E-5,0
NOAA 15,1998-030A,2026-05-16T20:19:02.212032,14.27136126,.0011501,98.5084,158.3238,80.9116,279.3366,0,U,25338,999,45682,.41726E-4,.59E-6,0
TECHSAT 1B (GO-32),1998-043D,2026-05-16T17:39:45.412128,14.24421797,.0000801,99.0065,128.7032,4.6491,355.4694,0,U,25397,999,44685,.25995E-4,.13E-6,0
ISS (ZARYA),1998-067A,2026-05-16T14:02:50.573184,15.49234512,.000753,51.6318,96.5382,65.5821,294.5953,0,U,25544,999,56685,.10087E-3,.5157E-4,0
ORSTED,1999-008B,2026-05-16T18:02:57.420672,14.51779963,.0130168,96.4838,51.4047,287.7143,70.9884,0,U,25635,999,43740,.77605E-4,.314E-5,0
LANDSAT 7,1999-020A,2026-05-16T21:08:14.358336,14.63887999,.0001481,97.8586,141.9520,103.2240,13.4373,0,U,25682,999,44126,.52406E-4,.23E-5,0
ORBCOMM FM36,1999-065E,2026-05-16T20:53:59.141760,14.39137079,.0003878,45.0396,308.2480,173.3859,186.7042,0,U,25984,999,38247,.2132E-3,.523E-5,0
DMSP 5D-3 F15 (USA 147),1999-067A,2026-05-16T20:04:20.551008,14.17551012,.0011156,98.9984,174.9961,92.0764,81.9000,0,U,25991,999,36620,.72549E-4,.102E-5,0
OPAL (OO-38),2000-004C,2026-05-16T19:06:41.361984,14.37951987,.0036374,100.1907,67.8319,123.0917,237.3764,0,U,26063,999,37877,.40709E-4,.65E-6,0
IMAGE,2000-017A,2026-05-11T12:21:24.545088,1.68665748,.74599038,94.2002,314.8870,291.9767,8.1989,0,U,26113,999,16088,-.20584314E-1,.8E-7,0
CLUSTER II-FM7 (SAMBA),2000-041A,2026-05-16T21:38:46.937760,0.44878750,.90174919,149.8252,45.4159,262.1600,0.5378,0,U,26410,999,2016,0,.3611E-4,0
CLUSTER II-FM8 (TANGO),2000-045B,2026-05-16T21:31:44.757984,0.44400393,.90227595,150.0886,46.4719,263.0807,0.4723,0,U,26464,999,2015,0,.3719E-4,0
MEGSAT-1,2000-057B,2026-05-16T18:55:45.027840,15.05299242,.0041234,64.5473,169.7136,287.4185,72.2425,0,U,26546,999,39293,.11911E-3,.1556E-4,0
PHASE 3D (AO-40),2000-072B,2026-05-15T19:33:22.103424,1.25588372,.79319362,9.4744,355.9883,168.3262,237.9288,0,U,26609,999,11710,0,-.75E-6,0
ODIN,2001-007A,2026-05-16T11:56:17.399904,15.66698523,.0002945,97.3912,175.6289,187.1913,172.9306,0,U,26702,999,38442,.10199E-2,.108099E-2,0
OMNI-M1,2001-026A,2026-05-16T09:05:15.686592,3.92401279,.0015297,44.8421,252.5957,48.1988,311.9568,0,U,26857,999,20432,0,-.11E-6,0
PCSAT (NO-44),2001-043C,2026-05-16T19:09:58.635648,14.31943045,.0006243,67.0509,325.4572,263.6644,96.3747,0,U,26931,999,28595,.56662E-4,.69E-6,0
PROBA-1,2001-049B,2026-05-16T20:55:16.448160,15.07369325,.0053656,97.9609,144.3130,227.6459,132.0218,0,U,26958,999,33890,.6059E-4,.873E-5,0
SPOT 5,2002-021A,2026-05-16T12:46:06.427776,14.54726592,.0129939,97.9871,176.7937,15.5622,344.9512,0,U,27421,999,25824,.61961E-4,.248E-5,0
FENGYUN 1D,2002-024B,2026-05-16T13:48:37.544256,14.10219855,.0014858,98.9543,187.0462,335.5961,24.4504,0,U,27431,999,23502,.5757E-4,.57E-6,0
SAUDISAT 1C (SO-50),2002-058C,2026-05-16T15:55:37.151616,14.82976040,.0075629,64.5521,226.5121,268.2379,91.0064,0,U,27607,999,25978,.90219E-4,.613E-5,0
CORIOLIS,2003-001A,2026-05-16T18:28:21.528768,14.19935729,.0012995,98.7135,144.1338,306.5042,53.4937,0,U,27640,999,20976,.53095E-4,.69E-6,0
CUTE-1 (CO-55),2003-031E,2026-05-16T10:12:29.585088,14.24314816,.0008292,98.6746,145.3835,279.0347,80.9894,0,U,27844,999,18715,.99595E-4,.186E-5,0
CUBESAT XI-IV (CO-57),2003-031J,2026-05-16T17:59:01.591008,14.23602807,.0008328,98.6778,145.4413,299.2340,60.8005,0,U,27848,999,18690,.86814E-4,.154E-5,0
MOZHAETS 4 (RS22),2003-042A,2026-05-16T20:20:44.727360,14.73409183,.0011635,98.3464,320.3236,14.8021,97.5384,0,U,27939,999,21093,.14436E-3,.883E-5,0
IRS-P6 (RESOURCESAT-1),2003-046A,2026-05-16T21:32:58.604928,14.36149860,.0065505,98.1934,174.9405,76.4270,96.3236,0,U,28051,999,17603,.55265E-4,.125E-5,0
SAUDISAT 2,2004-025F,2026-05-16T10:21:41.372640,14.56663086,.0025449,98.5510,135.5943,36.7791,323.5146,0,U,28371,999,16112,.47943E-4,.165E-5,0
COSMOS 2407,2004-028A,2026-05-16T20:55:37.922880,13.76331922,.0038828,82.9587,98.0260,342.1509,46.1103,0,U,28380,999,9557,.19655E-4,.34E-6,0
COSMOS 2414,2005-002A,2026-05-16T19:36:10.804608,13.87923203,.0041447,82.9502,67.3730,59.8045,300.7213,0,U,28521,999,7946,.38948E-4,.63E-6,0
INMARSAT 4-F1,2005-009A,2026-05-16T14:02:38.700960,1.00271961,.0002579,5.1279,42.6903,13.1135,207.2914,0,U,28628,999,7735,0,.41E-6,0
HAMSAT (VO-52),2005-017B,2026-05-16T18:28:32.206080,15.09421938,.0020568,97.9920,158.5134,139.8331,220.4422,0,U,28650,999,14202,.18881E-3,.2963E-4,0
NOAA 18,2005-018A,2026-05-16T20:09:04.920192,14.13723072,.0013333,98.8111,216.9705,237.5724,122.4160,0,U,28654,999,8188,.32688E-4,.18E-6,0
SJ-7,2005-024A,2026-05-16T12:26:05.988768,15.21025977,.0017198,97.7307,165.7797,138.3733,221.8814,0,U,28737,999,14321,.2742E-3,.6035E-4,0
CUBESAT XI-V,2005-043F,2026-05-15T09:06:38.600352,14.72539240,.00130267,98.2948,290.3214,313.0591,46.9524,0,U,28895,999,9692,.1248788E-3,.741E-5,0
CLOUDSAT,2006-016A,2026-05-16T20:18:13.301856,14.86325158,.0006575,98.3950,172.3974,78.0337,282.1613,0,U,29107,999,6985,.75428E-4,.604E-5,0
CALIPSO,2006-016B,2026-05-16T20:02:43.878912,14.69285070,.0001605,98.4483,151.4306,76.4755,283.6628,0,U,29108,999,6845,.11008E-3,.597E-5,0
HINODE (SOLAR-B),2006-041A,2026-05-16T18:37:34.336704,14.68573904,.0018188,98.0562,153.3912,32.2350,327.9963,0,U,29479,999,5026,.80478E-4,.419E-5,0
METOP-A,2006-044A,2026-05-16T18:07:06.302784,14.75813577,.017468,98.3302,242.4799,169.2145,350.7137,0,U,29499,999,2081,.18998E-3,.1605E-4,0
SHIJIAN-6 02B (SJ-6 02B),2006-046B,2026-05-16T21:18:37.298016,15.01282687,.0011989,97.7160,166.1404,159.9202,200.2496,0,U,29506,999,6604,.10203E-3,.1253E-4,0
DMSP 5D-3 F17 (USA 191),2006-050A,2026-05-16T20:16:05.052288,14.14987334,.0010825,98.7386,144.0556,140.1729,220.0241,0,U,29522,999,799,.39908E-4,.34E-6,0
LAPAN-TUBSAT,2007-001A,2026-05-16T19:22:16.406112,14.85914501,.0010842,98.1340,135.3247,291.3874,68.6184,0,U,29709,999,4649,.20519E-4,.121E-5,0
HAIYANG-1B,2007-010A,2026-05-16T16:20:08.098656,14.31018657,.0012367,98.3487,119.7506,297.7969,62.1961,0,U,31113,999,99612,.31276E-4,.41E-6,0
BEIDOU-2 M1,2007-011A,2026-05-16T05:46:58.072224,1.77349276,.00016037,50.9403,220.3406,348.9483,11.1110,0,U,31115,999,7558,0,.2E-6,0
CAPE-1,2007-012P,2026-05-16T11:24:28.658016,14.64792293,.008375,98.4449,110.1274,169.2760,191.0253,0,U,31130,999,1371,.11701E-3,.601E-5,0
CBERS 2B,2007-042A,2026-05-16T18:57:13.435776,14.41457468,.0032239,98.3912,81.9905,70.0461,310.8815,0,U,32062,999,98016,.54443E-4,.135E-5,0
COSMO-SKYMED 2,2007-059A,2026-05-16T20:04:04.281024,14.82158123,.0001454,97.8883,320.8893,90.1181,270.0199,0,U,32376,999,99735,.35741E-4,.232E-5,0
CARTOSAT-2A,2008-021A,2026-05-16T20:41:37.473792,14.79190587,.0010915,97.7662,186.6372,206.9533,153.1113,0,U,32783,999,97417,.34406E-4,.205E-5,0
CUTE-1.7+APD II (CO-65),2008-021C,2026-05-16T21:21:23.150592,15.09131603,.0010276,97.8264,117.6689,128.7006,231.5143,0,U,32785,999,98047,.2637E-3,.4121E-4,0
SEEDS II (CO-66),2008-021J,2026-05-16T18:53:37.332096,15.31606988,.000489,97.7519,133.2158,77.0859,283.0928,0,U,32791,999,98248,.51656E-3,.15703E-3,0
YUBILEINY (RS30),2008-025A,2026-05-16T19:01:11.885088,12.43177897,.0020215,82.5075,14.9704,22.4318,337.7641,0,U,32953,999,81579,-.73165E-4,0,0
FENGYUN 3A,2008-026A,2026-05-16T19:45:08.750016,14.19564075,.0007986,98.6875,78.2456,212.4777,147.5908,0,U,32958,999,93095,.34529E-4,.29E-6,0
HUANJING 1A (HJ-1A),2008-041A,2026-05-16T21:05:52.759968,14.83912753,.0017384,97.6669,123.9320,239.5415,120.4083,0,U,33320,999,95376,.10216E-3,.799E-5,0
HUANJING 1B (HJ-1B),2008-041B,2026-05-16T21:38:25.029312,14.83258232,.0034848,97.6507,127.2189,287.3393,72.4011,0,U,33321,999,95377,.23246E-4,.139E-5,0
SHIJIAN-6 03A (SJ-6 03A),2008-053A,2026-05-16T20:22:40.378944,15.16828237,.0013009,97.8433,169.0853,116.7935,243.4630,0,U,33408,999,95821,.24097E-3,.4675E-4,0
SHIJIAN-6 03B (SJ-6 03B),2008-053B,2026-05-16T20:03:23.635008,15.04213358,.0020567,97.8597,156.2087,141.6980,218.5710,0,U,33409,999,95803,.48008E-4,.605E-5,0
CHUANGXIN 1-02 (CX-1-02),2008-056B,2026-05-16T21:13:19.047936,14.30146914,.0013232,98.6155,163.4601,229.1793,130.8243,0,U,33434,999,91414,.11046E-3,.242E-5,0
STARS (KUKAI),2009-002G,2026-05-16T18:35:44.746944,14.95514170,.0006976,98.1535,82.8110,275.3058,84.7366,0,U,33498,999,93378,.22508E-3,.2431E-4,0
KKS-1 (KISEKI),2009-002H,2026-05-16T17:58:29.064864,14.83035386,.0008851,98.1195,58.6948,40.4517,319.7353,0,U,33499,999,93153,.1058E-3,.805E-5,0
NOAA 19,2009-005A,2026-05-16T19:59:32.933184,14.13468818,.0014781,98.9527,207.6836,117.4415,242.8262,0,U,33591,999,89005,.36911E-4,.25E-6,0
UK-DMC 2,2009-041C,2026-05-16T20:07:03.937728,14.75974626,.0001654,97.8784,272.5802,79.5428,280.5968,0,U,35683,999,90194,.65292E-4,.4E-5,0
METEOR-M 1,2009-049A,2026-05-16T18:56:26.067840,14.23149152,.0003127,98.7370,99.4929,55.5552,304.5922,0,U,35865,999,86478,.27548E-4,.18E-6,0
OCEANSAT-2,2009-051A,2026-05-16T21:19:42.555936,13.99649605,.0014972,98.2300,126.8670,330.1076,29.9234,0,U,35931,999,87495,.15438E-3,.188E-5,0
SWISSCUBE,2009-051B,2026-05-16T16:42:09.520128,14.62415639,.0005943,98.4056,44.0343,321.3800,38.6975,0,U,35932,999,88455,.13551E-3,.636E-5,0
BEESAT-1,2009-051C,2026-05-16T19:49:27.804864,14.61664677,.0004762,98.3985,43.8674,339.9476,20.1537,0,U,35933,999,88460,.11403E-3,.518E-5,0
ITUPSAT1,2009-051E,2026-05-16T20:35:32.710272,14.60389274,.0007171,98.4070,43.1249,346.8195,13.2816,0,U,35935,999,88416,.10847E-3,.476E-5,0
DMSP 5D-3 F18 (USA 210),2009-057A,2026-05-16T21:13:34.637088,14.14878136,.0010791,98.9028,117.7247,346.4418,13.6463,0,U,35951,999,85516,.11742E-3,.182E-5,0
PROBA-2,2009-059B,2026-05-16T11:11:05.059392,14.54848026,.0013741,98.2448,320.2594,24.2049,335.9790,0,U,36037,999,87691,.34624E-4,.103E-5,0
YAOGAN-7,2009-069A,2026-05-16T16:13:09.621984,14.77975618,.0025497,98.0109,22.7319,138.3834,221.9323,0,U,36110,999,88497,.48241E-4,.297E-5,0
XIWANG-1 (HOPE-1),2009-072B,2026-05-16T20:32:59.814240,13.16437829,.000702,100.4006,91.1917,309.6800,50.3693,0,U,36122,999,78888,.5371E-4,-.24E-6,0
RADUGA-1M 2,2010-002A,2026-05-16T20:52:21.864864,0.98964265,.0006671,3.5402,79.2289,263.5819,300.7388,0,U,36358,999,4971,0,-.36E-6,0
COSMOS 2463,2010-017A,2026-05-16T11:02:20.270112,13.71663468,.0035397,82.9591,273.0179,216.2913,209.6893,0,U,36519,999,80358,.14944E-4,.28E-6,0
CARTOSAT-2B,2010-035A,2026-05-16T20:56:46.228992,14.78617463,.0010128,97.9980,187.6183,295.8871,64.1295,0,U,36795,999,85522,.15649E-4,.62E-6,0
AISSAT 1,2010-035C,2026-05-16T20:49:19.056288,14.97221358,.0009746,98.0956,35.0060,150.5935,209.5836,0,U,36797,999,85953,.1744E-3,.1956E-4,0
TISAT 1,2010-035E,2026-05-16T19:28:43.891968,15.30437919,.0003191,98.0705,80.6134,46.0580,314.0921,0,U,36799,999,86290,.57617E-3,.16896E-3,0
YAOGAN-10,2010-038A,2026-05-16T21:21:09.438912,14.85244002,.0001504,97.8996,160.5429,93.5444,323.8682,0,U,36834,999,85256,.12321E-3,.1003E-4,0
SHIJIAN-6 04B (SJ-6 04B),2010-051B,2026-05-16T20:31:46.679232,14.99258381,.0012206,97.8714,141.9477,53.2510,306.9831,0,U,37180,999,85098,-.10335E-4,-.188E-5,0
FENGYUN 3B,2010-059A,2026-05-16T19:59:06.264960,14.14834327,.0020986,98.9646,182.7101,276.1322,138.9522,0,U,37214,999,80299,.16206E-3,.268E-5,0
COSMO-SKYMED 4,2010-060A,2026-05-16T20:22:19.152192,14.82155029,.0001357,97.8881,320.9032,83.3612,276.7756,0,U,37216,999,83992,.19354E-5,-.37E-6,0
O/OREOS (USA 219),2010-062C,2026-05-16T18:51:33.795648,14.93601822,.0012846,71.9681,151.4602,131.7820,228.4450,0,U,37224,999,11195,.12018E-3,.1207E-4,0
ELEKTRO-L 1 (GOMS 2),2011-001A,2026-05-16T08:36:39.377376,1.00156074,.00039419,9.6153,54.8239,24.9420,185.2497,0,U,37344,999,5616,0,-.115E-5,0
RESOURCESAT-2,2011-015A,2026-05-16T20:08:20.533056,14.21604937,.0010973,98.7653,204.4949,354.0387,6.0658,0,U,37387,999,78172,.4525E-4,.55E-6,0
YOUTHSAT,2011-015B,2026-05-16T15:57:55.490112,14.25615996,.0015741,98.3669,112.1446,75.6471,97.7950,0,U,37388,999,78314,.62716E-4,.108E-5,0
APRIZESAT 6,2011-044F,2026-05-16T20:21:34.181856,14.76868997,.0042939,98.2382,46.7063,184.4556,248.8460,0,U,37793,999,79252,.59956E-4,.371E-5,0
JUGNU,2011-058B,2026-05-16T16:44:21.371712,14.13766856,.0018794,19.9592,139.7344,88.6786,78.5733,0,U,37839,999,75456,.55518E-4,.373E-5,0
SRMSAT,2011-058D,2026-05-16T17:02:15.010080,14.11568356,.0011614,19.9717,249.9997,217.6540,290.2628,0,U,37841,999,75336,.53681E-4,.364E-5,0
SUOMI NPP,2011-061A,2026-05-16T19:59:47.977152,14.19510288,.0002782,98.7943,77.9260,67.7066,292.4404,0,U,37849,999,75399,.35628E-4,.31E-6,0
YAOGAN-12,2011-066B,2026-05-16T20:44:16.529280,15.26173675,.0009177,97.1170,176.9102,348.3355,11.7670,0,U,37875,999,80726,.25431E-3,.6512E-4,0
BEIDOU-2 M4,2012-018B,2026-05-16T10:34:11.164800,1.86229529,.0010975,55.6865,305.1615,280.9040,78.9509,0,U,38251,999,9535,0,-.53E-6,0
ARIRANG-3 (KOMPSAT-3),2012-025B,2026-05-16T19:52:21.203616,14.62176393,.0004694,98.1160,94.8339,199.3998,160.7026,0,U,38338,999,74676,.56416E-4,.237E-5,0
HORYU-2,2012-025D,2026-05-16T19:56:33.946944,14.90862076,.0006825,98.2135,268.4976,286.1644,73.8822,0,U,38340,999,74405,.19293E-3,.184E-4,0
CSSWE,2012-048D,2026-05-16T20:55:01.488000,15.42918276,.0052484,64.6619,199.4441,183.7094,176.3662,0,U,38761,999,11156,.49841E-3,.22983E-3,0
CP5,2012-048F,2026-05-16T16:54:27.321696,15.26941565,.0084938,64.6458,256.5728,186.2664,173.7411,0,U,38763,999,11195,.49871E-3,.14534E-3,0
METOP-B,2012-049A,2026-05-16T20:46:09.087744,14.21423367,.0003491,98.6525,188.9860,84.9306,275.2270,0,U,38771,999,70881,.47391E-4,.6E-6,0
SJ-9A,2012-056A,2026-05-16T20:11:34.373184,14.85401852,.0025685,97.6692,109.9328,4.2921,355.8510,0,U,38860,999,69493,.93263E-4,.755E-5,0
COSMOS 2484 (RODNIK-S 6),2013-001C,2026-05-16T20:01:01.285824,12.42937949,.0027565,82.5027,241.3826,102.6625,257.7539,0,U,39059,999,60466,-.18949E-3,-.16E-6,0
SARAL,2013-009A,2026-05-16T19:50:10.419936,14.32847777,.0002457,98.5559,323.7909,45.4543,314.6841,0,U,39086,999,69111,.33863E-4,.49E-6,0
AAUSAT 3,2013-009B,2026-05-16T18:31:20.093376,14.39897816,.0010366,98.3700,321.2822,310.9848,49.0443,0,U,39087,999,69265,.14296E-3,.407E-5,0
STRAND-1,2013-009E,2026-05-16T17:25:26.819904,14.37143381,.0007972,98.3916,317.7362,332.7119,27.3648,0,U,39090,999,69254,.72075E-4,.171E-5,0
BRITE-AUSTRIA,2013-009F,2026-05-16T10:43:20.009568,14.36528593,.000972,98.3987,316.6696,341.7953,18.2885,0,U,39091,999,69249,.50264E-4,.105E-5,0
UNIBRITE,2013-009G,2026-05-16T17:38:07.683360,14.36399776,.000855,98.4026,317.0538,338.0789,22.0030,0,U,39092,999,69247,.46689E-4,.94E-6,0
AIST-2 (RS43),2013-015D,2026-05-16T20:49:13.259712,15.25930179,.0020305,64.8703,359.7165,245.5936,114.3075,0,U,39133,999,71912,.16671E-3,.4108E-4,0
GAOFEN-1,2013-018A,2026-05-16T21:21:37.662336,14.76537990,.0017326,97.9108,209.5913,11.9656,348.1962,0,U,39150,999,70362,.52475E-4,.316E-5,0
NEE-01 PEGASO,2013-018B,2026-05-16T20:17:00.447648,14.93493026,.0011305,98.1182,279.9712,266.7567,93.2358,0,U,39151,999,70602,.11477E-3,.1147E-4,0
TURKSAT-3USAT,2013-018C,2026-05-16T20:26:41.619840,14.96207860,.0011792,97.7915,227.8146,198.6411,161.4380,0,U,39152,999,70640,.18852E-3,.2069E-4,0
CUBEBUG-1 (CAPITAN BETO),2013-018D,2026-05-16T16:33:29.814624,14.97086358,.0010731,98.1633,295.2399,250.9385,109.0673,0,U,39153,999,70635,.13722E-3,.1519E-4,0
PROBA-V,2013-021A,2026-05-16T16:50:34.173024,14.23589914,.0003378,98.3572,116.8662,210.8242,149.2739,0,U,39159,999,67663,.32065E-4,.32E-6,0
ESTCUBE 1,2013-021C,2026-05-16T13:58:47.421120,14.81296647,.0009697,97.7313,191.8767,115.1032,245.1188,0,U,39161,999,70034,.13656E-3,.1016E-4,0
ARIRANG-5 (KOMPSAT-5),2013-042A,2026-05-16T20:10:28.317792,15.04492807,.0001999,97.6211,323.9821,216.2449,143.8642,0,U,39227,999,69914,.57728E-4,.747E-5,0
GONETS-M 5,2013-048A,2026-05-16T21:10:17.728032,12.42890830,.0015743,82.4857,2.9024,283.4062,76.5263,0,U,39249,999,57499,.52984E-4,.17E-6,0
GONETS-M 7,2013-048C,2026-05-16T20:17:46.731264,12.42914006,.0016555,82.4926,5.8306,284.7978,75.1267,0,U,39251,999,57494,.80227E-3,.121E-5,0
FENGYUN 3C,2013-052A,2026-05-16T21:02:25.914048,14.15747371,.0015764,98.4965,112.1930,111.6893,248.5962,0,U,39260,999,65413,.46282E-4,.5E-6,0
CASSIOPE,2013-055A,2026-05-16T20:09:42.034176,15.22755835,.0300785,80.9136,104.7063,167.5059,193.3855,0,U,39265,999,66289,.32231E-3,.28385E-3,-.60511E-6
APRIZESAT 7,2013-066A,2026-05-16T14:57:17.828064,14.91487400,.0034822,97.7691,90.3023,317.9803,41.8745,0,U,39416,999,67652,.93409E-4,.887E-5,0
ZACUBE-1 (TSHEPISOSAT),2013-066B,2026-05-16T21:02:35.272032,15.00930533,.0041362,97.8122,99.0440,358.2569,1.8503,0,U,39417,999,67603,.24635E-3,.3131E-4,0
APRIZESAT 8,2013-066K,2026-05-16T19:07:45.374016,14.87579526,.0046803,97.8206,84.7084,30.9266,329.4692,0,U,39425,999,67500,.79315E-4,.678E-5,0
CINEMA-3 (KHUSAT-2),2013-066L,2026-05-16T19:16:20.004384,14.78221030,.008898,97.8418,49.8154,314.7949,44.6050,0,U,39426,999,66981,.12011E-3,.873E-5,0
TRITON-1,2013-066M,2026-05-16T16:33:10.588896,14.81557878,.00898,97.8272,47.2142,338.0604,21.6773,0,U,39427,999,66942,.15823E-3,.1273E-4,0
DELFI-N3XT,2013-066N,2026-05-16T18:50:35.064384,14.94707445,.0073586,97.8352,57.1333,312.3796,47.1210,0,U,39428,999,66993,.4889E-3,.5536E-4,0
GOMX-1,2013-066Q,2026-05-16T19:02:06.665280,14.69325444,.0128741,97.6508,339.2365,177.6681,182.5154,0,U,39430,999,66530,.16385E-3,.1047E-4,0
BRITE-PL1 (LEM),2013-066R,2026-05-16T18:07:46.330176,14.51328607,.0191543,97.7925,251.3512,108.9456,253.2607,0,U,39431,999,65937,.10898E-3,.504E-5,0
ICUBE-1,2013-066S,2026-05-16T15:21:33.375168,15.24969908,.0019005,97.5682,121.9385,83.7403,276.5998,0,U,39432,999,67960,.46416E-3,.11563E-3,0
VELOX-PII,2013-066Y,2026-05-16T16:03:54.501120,14.92891375,.0054746,97.8731,88.0070,87.4164,273.3321,0,U,39438,999,67313,.19681E-3,.2039E-4,0
CUBEBUG-2 (LO-74),2013-066AA,2026-05-16T20:16:22.171584,14.93504727,.0059076,97.8896,85.7015,130.2272,230.4138,0,U,39440,999,67231,.16579E-3,.1744E-4,0
NEE-02 KRYSAOR,2013-066AB,2026-05-16T18:35:41.692704,14.86491018,.006638,97.8884,76.2199,171.3925,188.8446,0,U,39441,999,67153,.11184E-3,.97E-5,0
FUNCUBE-1 (AO-73),2013-066AE,2026-05-16T21:30:30.422016,15.09058385,.0034943,97.8262,107.7027,312.5804,47.2476,0,U,39444,999,67494,.32477E-3,.5146E-4,0
HINCUBE,2013-066AF,2026-05-16T20:01:53.326272,15.07866534,.0031874,97.7958,104.9010,320.4502,39.4399,0,U,39445,999,67480,.33656E-3,.5152E-4,0
UWE-3,2013-066AG,2026-05-16T20:45:01.566144,14.96737192,.0050507,97.8684,92.7394,64.7810,295.8635,0,U,39446,999,67289,.23763E-3,.2724E-4,0
SMDC ONE 2.4,2013-072H,2026-05-16T17:11:28.557600,15.17555207,.0140502,120.4891,230.6454,345.0318,14.6623,0,U,39469,999,11305,.32427E-3,.8077E-4,0
CP8 (IPEX),2013-072K,2026-05-16T14:39:46.912032,15.07692869,.0159926,120.4629,178.5419,328.4331,30.7226,0,U,39471,999,11047,.25602E-3,.4888E-4,0
COSMOS 2488 (RODNIK-S 7),2013-076A,2026-05-16T21:15:40.534848,12.42904703,.0020102,82.4860,188.1960,160.4344,199.7511,0,U,39483,999,56200,.29721E-3,.51E-6,0
COSMOS 2489 (RODNIK-S 8),2013-076B,2026-05-16T20:39:01.119168,12.42879200,.0021946,82.4897,189.5801,160.7224,199.4690,0,U,39484,999,56205,-.16849E-4,.8E-7,0
COSMOS 2490 (RODNIK-S 9),2013-076C,2026-05-16T19:58:27.595776,12.42876653,.0021743,82.4843,187.6790,176.2630,183.8616,0,U,39485,999,56198,-.65511E-5,.9E-7,0
AIST-1 (RS41),2013-078C,2026-05-16T20:34:56.003232,14.95973859,.0017528,82.4135,301.2271,27.5036,332.7109,0,U,39492,999,67056,.43084E-4,.51E-5,0
KAZEOSAT 1,2014-024A,2026-05-16T19:09:47.227392,14.42066847,.0001614,98.3217,210.0243,89.8851,270.2523,0,U,39731,999,63403,.93642E-4,.265E-5,0
COSMOS 2496 (RODNIK-S 10),2014-028A,2026-05-16T20:53:17.337120,12.42878087,.00206,82.4416,128.3466,144.1458,216.1008,0,U,39761,999,54362,.11527E-2,.17E-5,0
COSMOS 2497 (RODNIK-S 11),2014-028B,2026-05-16T20:18:15.829056,12.42893395,.0021246,82.4465,130.0396,139.3511,220.9159,0,U,39762,999,54362,.38657E-3,.64E-6,0
COSMOS 2498 (RODNIK-S 12),2014-028C,2026-05-16T21:45:02.640384,12.42979795,.0021955,82.4425,128.5025,139.0058,221.2677,0,U,39763,999,54366,.43152E-3,.7E-6,0
COSMOS 2499 (RS47),2014-028E,2026-05-16T20:24:24.820992,12.82902584,.0232497,82.4480,273.5733,75.3422,287.3330,0,U,39765,999,56100,-.77133E-4,-.7E-7,0
HODOYOSHI-4,2014-033B,2026-05-16T20:00:47.917152,14.88049176,.0025004,97.5453,323.1726,51.8289,308.5176,0,U,40011,999,64414,.54651E-4,.453E-5,0
UNISAT-6,2014-033C,2026-05-16T20:48:34.237152,14.88048012,.004554,97.7842,290.1419,170.0611,190.1517,0,U,40012,999,64150,.2058E-3,.187E-4,0
DEIMOS-2,2014-033D,2026-05-16T21:33:59.301792,14.93631475,.0002475,97.5881,12.4827,76.6987,283.4509,0,U,40013,999,63305,.4361E-4,.406E-5,0
BUGSAT-1 (TITA),2014-033E,2026-05-16T16:07:14.537856,15.15232213,.0026852,98.0417,227.3881,289.1208,70.7116,0,U,40014,999,65106,.18071E-3,.3349E-4,0
SAUDISAT 4,2014-033G,2026-05-16T16:05:25.240128,14.79494178,.0045021,97.7541,283.9037,174.1408,186.0341,0,U,40016,999,64141,.63782E-4,.433E-5,0
APRIZESAT 9,2014-033J,2026-05-16T18:45:19.630080,14.74174208,.0064928,97.9015,270.7555,301.9176,57.5727,0,U,40018,999,63893,.49266E-4,.282E-5,0
BRITE-CA1 (TORONTO),2014-033L,2026-05-16T18:47:30.216768,14.72631022,.0078999,97.9695,266.2986,18.4727,341.9320,0,U,40020,999,63759,.69346E-4,.41E-5,0
DUCHIFAT-1,2014-033M,2026-05-16T19:30:00.391392,15.58749215,.0006056,98.0503,191.7227,176.8315,183.2979,0,U,40021,999,65085,.8808E-3,.68262E-3,0
NANOSATC-BR1,2014-033Q,2026-05-16T19:57:36.451296,15.30398168,.0001709,98.0741,166.4651,300.8644,59.2427,0,U,40024,999,64918,.49634E-3,.14518E-3,0
QB50P1,2014-033R,2026-05-16T20:08:24.649152,15.17739278,.0007942,98.0972,145.7996,344.9054,15.1940,0,U,40025,999,64827,.3413E-3,.6818E-4,0
DTUSAT-2,2014-033W,2026-05-16T19:04:35.441760,15.14579159,.0007474,98.0862,132.5413,356.0724,4.0447,0,U,40030,999,64793,.31663E-3,.5772E-4,0
QB50P2,2014-033Y,2026-05-16T20:35:41.487648,15.14728372,.0005709,98.0751,131.8004,285.8571,74.2030,0,U,40032,999,64792,.29199E-3,.5338E-4,0
PERSEUS-M1,2014-033AF,2026-05-16T14:10:42.040704,14.95518502,.0012784,97.9633,80.2103,48.1314,312.0994,0,U,40039,999,64591,.14092E-3,.1503E-4,0
POLYITAN-1,2014-033AJ,2026-05-16T18:42:32.399424,15.32106761,.0005539,98.0960,160.0968,248.8269,111.2379,0,U,40042,999,64878,.50182E-3,.15489E-3,0
TIGRISAT,2014-033AK,2026-05-16T20:27:51.076800,14.85017607,.0049613,97.7796,287.5928,175.8470,184.3166,0,U,40043,999,64097,.1608E-3,.1347E-4,0
AISAT,2014-034B,2026-05-16T18:55:12.743616,15.08173802,.0008478,98.2413,46.9219,340.4929,19.5972,0,U,40054,999,64247,.50406E-3,.7729E-4,0
CANX-4,2014-034C,2026-05-16T17:45:53.546112,14.81202045,.0014044,98.3163,10.8937,110.0844,250.1880,0,U,40055,999,63987,.82402E-4,.585E-5,0
CANX-5,2014-034D,2026-05-16T20:58:42.657312,14.81219152,.0014046,98.3165,11.0742,109.8709,250.4017,0,U,40056,999,63070,.80821E-4,.573E-5,0
VELOX-I,2014-034E,2026-05-16T17:23:56.263200,14.97561637,.0007797,98.2566,39.9480,24.0980,336.0604,0,U,40057,999,64189,.2636E-3,.3014E-4,0
GONETS-M 10,2014-036C,2026-05-16T20:08:08.100096,12.42944919,.0021318,82.5103,327.1526,208.6011,151.3900,0,U,40063,999,53835,.47419E-3,.76E-6,0
METEOR-M 2,2014-037A,2026-05-16T21:24:55.634112,14.21453107,.0006701,98.5093,113.7421,120.2622,239.9220,0,U,40069,999,61487,.83024E-4,.14E-5,0
DX1,2014-037C,2026-05-16T20:44:45.367008,14.89880591,.0007943,98.3848,96.6721,25.4117,334.7488,0,U,40071,999,64144,.92998E-4,.832E-5,0
UKUBE-1,2014-037F,2026-05-16T19:49:31.883808,15.13010183,.0000303,98.4239,136.8181,110.0067,250.1193,0,U,40074,999,64381,.34123E-3,.5949E-4,0
GAOFEN-2,2014-049A,2026-05-16T19:47:24.963072,14.80864923,.0006929,98.0130,201.0593,347.0649,13.0384,0,U,40118,999,63459,.92786E-4,.663E-5,0
BRITE-PL2 (HEWELIUSZ),2014-049B,2026-05-16T18:31:25.394016,14.94464804,.0013456,97.9062,248.5388,208.8593,151.1884,0,U,40119,999,63675,.10814E-3,.1108E-4,0
CBERS 4,2014-079A,2026-05-16T21:07:41.395008,14.35499646,.0002077,98.3557,194.6903,99.6840,260.4580,0,U,40336,999,59946,.3742E-4,.65E-6,0
SMAP,2015-003A,2026-05-16T19:57:49.324032,14.63409132,.0001282,98.1284,144.3703,70.6810,289.4531,0,U,40376,999,60303,.55542E-4,.24E-5,0
GONETS-M 11,2015-020A,2026-05-16T18:36:24.388128,12.42875723,.0017406,82.4888,50.5619,70.6044,289.6915,0,U,40552,999,50483,.25943E-4,.14E-6,0
GONETS-M 12,2015-020B,2026-05-16T19:54:39.881664,12.42890111,.0016385,82.4920,51.6436,56.2533,304.0105,0,U,40553,999,50483,.21651E-3,.4E-6,0
GONETS-M 13,2015-020C,2026-05-16T19:15:42.897312,12.42869250,.0014891,82.4884,50.2847,42.3791,317.8435,0,U,40554,999,50480,.83999E-3,.126E-5,0
DMC3-FM1,2015-032A,2026-05-16T21:18:51.121152,14.85698417,.000614,97.6508,3.2851,142.4500,217.7146,0,U,40715,999,58526,-.18477E-4,-.212E-5,0
DMC3-FM2,2015-032B,2026-05-16T21:50:45.964608,14.85703108,.0006523,97.6561,4.8587,149.1143,211.0457,0,U,40716,999,58526,.22611E-4,.145E-5,0
DMC3-FM3,2015-032C,2026-05-16T19:10:04.912608,14.85696169,.0005779,97.6615,6.4843,146.9216,213.2362,0,U,40717,999,58525,.10013E-3,.817E-5,0
CARBONITE 1 (CBNT-1),2015-032D,2026-05-16T19:39:39.725856,14.83483259,.0015572,97.6494,316.2044,42.1291,318.1118,0,U,40718,999,58469,.96569E-4,.745E-5,0
DEORBITSAIL,2015-032E,2026-05-16T21:07:04.314720,15.03396046,.0012501,97.5929,354.3063,347.0895,13.0009,0,U,40719,999,58654,.46697E-3,.6301E-4,0
2015-049G,2015-049G,2026-05-16T20:22:32.839680,15.63952694,.0003549,97.4584,179.0949,348.7380,11.3799,0,U,40905,999,59154,.40439E-3,.38049E-3,0
LILACSAT-2,2015-049K,2026-05-16T20:24:24.091776,15.50349771,.0007212,97.4681,172.5210,24.9370,335.2229,0,U,40908,999,59089,.27973E-3,.15798E-3,0
COSMOS 2507 (RODNIK-S 13),2015-050A,2026-05-16T20:08:43.493856,12.42926477,.0011135,82.4891,99.1858,60.1739,300.0446,0,U,40920,999,48296,.77161E-3,.117E-5,0
COSMOS 2508 (RODNIK-S 14),2015-050B,2026-05-16T20:59:24.353952,12.42913543,.0015497,82.4845,97.6809,90.3863,269.8992,0,U,40921,999,48295,.5308E-3,.84E-6,0
COSMOS 2509 (RODNIK-S 15),2015-050C,2026-05-16T21:27:34.400160,12.42882913,.0015676,82.4853,97.7677,106.4047,253.8757,0,U,40922,999,48299,-.91325E-4,-.3E-7,0
LQSAT,2015-057A,2026-05-16T21:38:18.105216,14.76742538,.0017642,97.6673,131.8280,19.2327,340.9546,0,U,40958,999,57069,.11645E-3,.769E-5,0
LINGQIAO VIDEO A,2015-057B,2026-05-16T20:49:12.006912,14.77344279,.0017365,97.6614,133.2167,16.6231,343.5546,0,U,40959,999,57078,.25648E-4,.134E-5,0
LINGQIAO VIDEO B,2015-057C,2026-05-16T21:56:22.020000,14.77451499,.0017524,97.6581,134.4329,16.5841,343.5939,0,U,40960,999,57083,.96381E-4,.64E-5,0
JILIN-1,2015-057D,2026-05-16T19:20:52.764864,14.78103758,.0017218,97.6511,137.7331,11.2417,348.9176,0,U,40961,999,57097,.7589E-4,.501E-5,0
FOX-1A (AO-85),2015-058D,2026-05-16T16:35:28.936032,14.90772442,.0129119,64.7768,16.8492,68.9461,292.5402,0,U,40967,999,10887,.21481E-3,.2304E-4,0
SINOD-D 1,2015-058E,2026-05-16T14:06:18.848160,14.95645120,.0117617,64.7762,357.8510,65.7654,295.5697,0,U,40968,999,11193,.26527E-3,.3216E-4,0
ELEKTRO-L 2,2015-074A,2026-05-16T16:03:04.504032,1.00272052,.0001477,6.6144,70.9014,259.0104,130.7368,0,U,41105,999,3819,0,-.109E-5,0
DAMPE,2015-078A,2026-05-16T20:32:55.268736,15.30700812,.0011721,97.4562,142.1708,178.6498,181.4777,0,U,41173,999,57975,.3535E-4,.973E-5,0
ORBCOMM FM114,2015-081A,2026-05-16T17:57:13.773312,14.58819892,.0001551,47.0031,150.6400,28.2065,331.8904,0,U,41179,999,55316,.6944E-4,.157E-5,0
ORBCOMM FM110,2015-081D,2026-05-16T17:40:57.516384,14.58825709,.0004047,47.0003,150.1430,286.5861,73.4580,0,U,41182,999,55303,.10588E-3,.329E-5,0
ORBCOMM FM112,2015-081F,2026-05-16T03:50:07.156320,14.58759217,.0002244,46.9992,61.6879,53.2241,306.8850,0,U,41184,999,55427,.10112728E-3,.306E-5,0
ORBCOMM FM113,2015-081G,2026-05-16T19:41:25.533024,14.58820645,.0001161,47.0013,58.9261,37.1436,322.9530,0,U,41185,999,55435,.78576E-4,.2E-5,0
ORBCOMM FM108,2015-081J,2026-05-16T20:26:09.879072,14.58823111,.0002074,47.0059,330.3461,50.3193,309.7875,0,U,41187,999,55550,.10905E-3,.344E-5,0
ORBCOMM FM117,2015-081K,2026-05-16T17:57:47.426112,14.58820896,.0002504,47.0023,329.4766,58.5494,301.5636,0,U,41188,999,55553,.10773E-3,.337E-5,0
ORBCOMM FM116,2015-081L,2026-05-16T19:08:36.134016,14.58829822,.0002242,47.0025,59.0316,288.2160,71.8481,0,U,41189,999,55435,.93183E-4,.269E-5,0
CHUBUSAT-2,2016-012B,2026-05-16T18:29:27.605760,15.20542066,.0008651,30.9961,167.5041,119.2171,240.9336,0,U,41338,999,56363,.14916E-3,.346E-4,0
CHUBUSAT-3,2016-012C,2026-05-16T18:47:35.318688,15.18278040,.0009009,31.0041,176.2656,107.5222,252.6403,0,U,41339,999,56342,.97501E-4,.2156E-4,0
HORYU-4,2016-012D,2026-05-16T20:24:55.340064,15.79065819,.000497,30.9885,305.8839,58.9439,301.1705,0,U,41340,999,56583,.87779E-3,.166597E-2,0
ZIYUAN 3-02 (ZY 3-02),2016-033A,2026-05-16T21:09:30.780864,15.21476358,.0013495,97.3842,213.2549,50.4247,309.8179,0,U,41556,999,55322,.1997E-3,.4431E-4,0
CARTOSAT-2C,2016-040A,2026-05-16T20:11:14.803584,15.19222245,.0008518,97.4505,197.2452,238.9843,121.0555,0,U,41599,999,54895,.22519E-3,.4678E-4,0
LAPAN-A3,2016-040E,2026-05-16T20:37:47.343072,15.32894859,.0011993,97.1486,134.0413,122.4554,237.7850,0,U,41603,999,55001,.77705E-4,.2399E-4,0
GAOFEN-3,2016-049A,2026-05-16T20:43:53.617728,14.42211066,.0000967,98.4017,145.1219,81.2616,278.8683,0,U,41727,999,51413,.2474E-4,.38E-6,0
PRATHAM,2016-059A,2026-05-16T16:00:55.831968,14.67150359,.003026,97.8323,134.9115,321.3258,38.5780,0,U,41783,999,51489,.84789E-4,.433E-5,0
ALSAT-1N,2016-059G,2026-05-16T18:55:47.369280,14.69252646,.0024475,97.8011,141.5387,290.1403,69.7170,0,U,41789,999,51539,.7181E-4,.378E-5,0
CAS-2T & KS-1Q,2016-066G,2026-05-16T15:44:48.494112,14.44595835,.034123,98.3826,212.7497,225.0916,132.2118,0,U,41847,999,50024,.10148E-3,.652E-5,0
YUNHAI-1 01,2016-068A,2026-05-16T21:05:32.053344,14.32715670,.0006414,98.5841,148.1761,119.0008,241.1819,0,U,41857,999,49734,.70816E-4,.149E-5,0
RESOURCESAT-2A,2016-074A,2026-05-16T19:42:15.417792,14.21606577,.0002696,98.7536,210.5799,144.4104,215.7254,0,U,41877,999,48984,.16309E-3,.313E-5,0
TANSAT,2016-081A,2026-05-16T20:36:47.907648,14.59922959,.002166,98.5362,136.1916,48.3172,311.9876,0,U,41898,999,50005,.10121E-3,.436E-5,0
JILIN-1 03,2017-002B,2026-05-16T20:38:36.877056,15.40775695,.000363,97.1951,144.4051,291.7467,68.3393,0,U,41914,999,51703,.2577E-3,.10469E-3,0
CARTOSAT-2D,2017-008A,2026-05-16T19:23:14.294976,15.19242857,.0004461,97.4132,196.6944,7.7745,352.3558,0,U,41948,999,51281,.23865E-3,.4962E-4,0
CARTOSAT-2E,2017-036C,2026-05-16T19:48:20.015424,15.19220456,.0004267,97.4300,197.1397,65.6758,294.4922,0,U,42767,999,49338,.24643E-3,.5123E-4,0
D-SAT,2017-036AF,2026-05-16T21:28:24.578688,15.16688896,.0080309,97.5543,115.9068,270.2160,88.9871,0,U,42794,999,48611,.23288E-3,.4878E-4,0
IRIDIUM 113,2017-039A,2026-05-16T20:16:07.169952,14.34218060,.0002266,86.3967,335.2863,92.6028,267.5427,0,U,42803,999,46669,.20249E-4,.76E-6,0
NORSAT 2,2017-042D,2026-05-16T18:57:47.979360,15.21251472,.0010464,97.4019,310.7486,155.4272,204.7465,0,U,42828,999,48296,.40095E-3,.8904E-4,0
TECHNOSAT,2017-042E,2026-05-16T15:57:14.495040,15.04745787,.0017374,97.4244,295.5337,197.8426,162.2193,0,U,42829,999,48196,.16938E-3,.2335E-4,0
FLYING LAPTOP,2017-042G,2026-05-16T20:29:49.263360,15.00926527,.0017754,97.4540,293.6243,228.4329,131.5374,0,U,42831,999,48175,.19854E-3,.248E-4,0
WNISAT 1R,2017-042L,2026-05-16T18:34:37.410240,15.01607688,.0009937,97.4800,294.0275,270.6890,89.3196,0,U,42835,999,48179,.12964E-3,.1625E-4,0
LEMUR-2-GREENBERG,2017-042N,2026-05-16T18:37:14.941632,15.30288051,.0010399,97.3803,317.5736,115.3010,244.9309,0,U,42837,999,48358,.51294E-3,.1499E-3,0
LEMUR-2-FURIAUS,2017-042R,2026-05-16T17:55:19.676928,15.29140873,.0008107,97.3757,315.5725,166.5517,193.5941,0,U,42840,999,48340,.48906E-3,.13781E-3,0
CORVUS BC2,2017-042X,2026-05-16T16:54:44.015904,15.06081067,.0012137,97.4038,299.2898,212.9932,147.0540,0,U,42846,999,48232,.14775E-3,.2102E-4,0
CORVUS BC1,2017-042Y,2026-05-16T16:52:07.330368,15.06251931,.001168,97.4068,300.0815,187.7979,172.3069,0,U,42847,999,48235,.1382E-3,.1971E-4,0
VRSS-2,2017-060A,2026-05-16T20:11:15.772992,14.81136812,.0016428,97.6539,175.9769,197.4341,162.6310,0,U,42954,999,46381,.47742E-5,-.13E-6,0
MOHAMMED VI-A,2017-070A,2026-05-16T20:18:50.617152,14.77095623,.0001538,97.9570,209.6066,105.1509,254.9871,0,U,43005,999,45935,.12236E-3,.813E-5,0
FENGYUN 3D,2017-072A,2026-05-16T20:33:19.245600,14.19732140,.0002315,99.0106,110.7157,114.0447,246.0971,0,U,43010,999,44054,.19217E-4,-.6E-7,0
CZ-4C R/B,2017-072C,2026-05-16T18:18:36.376992,14.58749170,.0121355,98.5761,243.7383,248.4865,110.3360,0,U,43012,999,45205,.50923E-4,.205E-5,0
NOAA 20 (JPSS-1),2017-073A,2026-05-16T18:37:09.176160,14.19505264,.0001384,98.7762,76.5198,46.9378,313.1914,0,U,43013,999,44001,.14252E-4,-.14E-6,0
MAKERSAT 0,2017-073D,2026-05-16T14:53:38.415264,15.30697756,.0111103,97.4674,18.9198,26.3633,334.3202,0,U,43016,999,46163,.62457E-3,.22402E-3,0
RADFXSAT (FOX-1B),2017-073E,2026-05-16T17:10:28.875072,15.12104265,.015384,97.4745,4.5844,77.4529,284.3860,0,U,43017,999,46063,.38182E-3,.8713E-4,0
JILIN-1 04,2017-074A,2026-05-16T17:50:01.788000,15.41599529,.0002735,97.4833,245.5440,320.9410,39.1638,0,U,43022,999,46942,.27337E-3,.11415E-3,0
JILIN-1 05,2017-074B,2026-05-16T17:41:18.261024,15.33358630,.0004705,97.4841,242.4840,356.0441,4.0764,0,U,43023,999,46918,.20119E-3,.6406E-4,0
JILIN-1 06,2017-074C,2026-05-16T16:57:17.496864,15.33318905,.0006713,97.4769,239.4983,4.4139,355.7161,0,U,43024,999,46901,.1448E-3,.4583E-4,0
IRIDIUM 116,2017-083C,2026-05-16T19:39:35.407584,14.34219260,.0002064,86.3959,335.1219,79.1084,281.0344,0,U,43072,999,43967,.32167E-4,.11E-5,0
IRIDIUM 130,2017-083D,2026-05-16T18:53:55.141728,14.34218227,.0002231,86.3968,335.4074,81.6832,278.4617,0,U,43073,999,43961,.21464E-4,.8E-6,0
LKW-2,2017-084A,2026-05-16T21:12:17.718624,15.25899937,.0002515,97.1217,178.1485,44.7566,315.3876,0,U,43080,999,46691,.27386E-3,.6954E-4,0
SUPERVIEW-1 03,2018-002A,2026-05-16T19:41:23.640864,15.38233628,.0046268,97.3137,221.7318,294.2778,65.3638,0,U,43099,999,46354,.35048E-3,.13614E-3,0
CARTOSAT-2F,2018-004A,2026-05-16T20:33:45.424800,15.19204019,.0001695,97.4816,196.7928,47.1520,312.9857,0,U,43111,999,46257,.11738E-4,.179E-5,0
LKW-3,2018-006A,2026-05-16T19:50:30.805152,15.34600963,.0004142,97.6578,296.1988,69.8884,290.2803,0,U,43146,999,46390,.32208E-3,.1072E-3,0
ASNARO-2,2018-007A,2026-05-16T18:26:23.800992,15.22434727,.0001743,97.3979,144.1843,93.5281,266.6155,0,U,43152,999,46263,.35955E-3,.8248E-4,0
JILIN-1 07,2018-008E,2026-05-16T20:32:34.846368,15.34168055,.0009064,97.1785,157.6307,158.2736,201.8893,0,U,43159,999,46019,.20847E-3,.6825E-4,0
JILIN-1 08,2018-008F,2026-05-16T20:05:21.679872,15.33281160,.0006417,97.1815,156.9591,168.0773,192.0623,0,U,43160,999,46014,.19531E-3,.6208E-4,0
LEMUR-2-KADI,2018-014E,2026-05-16T20:19:59.167776,15.87116935,.0005134,97.4476,66.3984,108.8447,251.3381,0,U,43184,999,45610,.13531E-2,.363512E-2,0
S-NET D,2018-014G,2026-05-16T17:22:47.601984,15.16352925,.0009787,97.5391,41.7154,121.2042,239.0151,0,U,43186,999,45399,.18286E-3,.3483E-4,0
S-NET B,2018-014H,2026-05-16T19:13:25.822848,15.16323366,.0010524,97.5395,41.7773,117.3756,242.8549,0,U,43187,999,45400,.18824E-3,.3585E-4,0
S-NET A,2018-014J,2026-05-16T18:56:25.846656,15.16359971,.0010366,97.5407,41.9686,117.8497,242.3787,0,U,43188,999,45400,.17677E-3,.3366E-4,0
S-NET C,2018-014K,2026-05-16T19:18:46.250208,15.16314549,.0011876,97.5423,42.0538,112.2463,248.0030,0,U,43189,999,45255,.1923E-3,.3664E-4,0
PAZ,2018-020A,2026-05-16T14:55:37.159968,15.19158357,.0001723,97.4457,144.4562,87.6311,272.5121,0,U,43215,999,45621,.57963E-4,.1151E-4,0
GOES 17,2018-022A,2026-05-16T19:07:03.813888,1.00270556,.0000437,0.8584,86.1310,322.0184,23.6382,0,U,43226,999,3010,0,-.173E-5,0
LKW-4,2018-025A,2026-05-16T17:33:45.201024,15.59747643,.0002971,97.6325,305.2088,75.2845,284.8740,0,U,43236,999,45512,.42883E-3,.34288E-3,0
ZHUHAI-1 OVS-02,2018-040B,2026-05-16T20:42:20.270304,15.24576427,.0004411,97.0403,155.9579,40.1379,320.0184,0,U,43440,999,44794,.23709E-3,.5777E-4,0
ZHUHAI-1 OHS-02,2018-040C,2026-05-16T20:45:34.450848,15.25392574,.000875,97.0389,162.8685,355.5591,4.5569,0,U,43441,999,10950,.23817E-3,.5953E-4,0
GAOFEN-6,2018-048A,2026-05-16T19:57:49.699008,14.76592367,.0010516,97.7780,200.6617,278.3036,81.6982,0,U,43484,999,42876,.86751E-4,.557E-5,0
LUOJIA-1 01,2018-048B,2026-05-16T21:19:35.136768,14.87154232,.0008056,97.8107,215.5809,217.1601,142.9058,0,U,43485,999,42956,.96986E-4,.818E-5,0
PAKTES 1A,2018-056A,2026-05-16T19:57:29.575584,14.98914046,.002149,98.1217,291.9910,211.5486,148.4449,0,U,43529,999,42722,.16114E-3,.1891E-4,0
PRSS-1,2018-056B,2026-05-16T20:39:36.869760,14.81933136,.000183,97.7837,205.5967,91.5888,268.5535,0,U,43530,999,42379,.13539E-4,.56E-6,0
HAIYANG-1C,2018-068A,2026-05-16T20:24:02.425248,14.34168685,.0010796,98.5204,209.6089,181.0803,179.0360,0,U,43609,999,40259,.69078E-4,.15E-5,0
SSTL S1-4,2018-071A,2026-05-16T20:32:43.223712,14.96171974,.0001173,97.5073,9.7671,73.1081,287.0269,0,U,43618,999,41825,.72463E-4,.762E-5,0
HAIYANG-2B,2018-081A,2026-05-16T19:49:50.263680,13.79306787,.0001594,99.3292,146.0548,47.8411,312.2876,0,U,43655,999,38060,.20831E-3,.17E-5,0
CZ-4B R/B,2018-081B,2026-05-16T17:45:59.295168,14.31851956,.0204798,99.3692,52.1563,357.6503,2.3697,0,U,43656,999,39480,.47562E-4,.101E-5,0
CFOSAT,2018-083A,2026-05-16T21:09:35.698752,15.16493993,.0001672,97.3608,142.3343,62.4594,297.6809,0,U,43662,999,41769,.12584E-3,.2386E-4,0
TEN-KOH,2018-084G,2026-05-16T18:20:13.620192,15.02782891,.0008656,98.0754,327.8077,218.8382,141.2221,0,U,43677,999,41144,.71089E-4,.885E-5,0
DIWATA-2B,2018-084H,2026-05-16T19:47:52.315584,15.00288081,.0011807,98.1105,331.6872,279.2284,80.7602,0,U,43678,999,41151,.15818E-3,.1918E-4,0
STARS-AO,2018-084J,2026-05-16T19:19:29.769888,15.16678631,.0000613,98.0531,348.8467,274.3457,85.7704,0,U,43679,999,41271,.25984E-3,.5013E-4,0
AUTCUBE 2,2018-084K,2026-05-16T19:40:05.212992,15.09859023,.0009943,98.0733,341.3329,142.0591,218.1338,0,U,43681,999,41219,.15388E-3,.2421E-4,0
METOP-C,2018-087A,2026-05-16T19:34:57.240192,14.21502872,.0000383,98.6660,196.9898,139.9940,220.1265,0,U,43689,999,39037,.48718E-4,.63E-6,0
ES'HAIL 2,2018-090A,2026-05-16T19:40:00.655392,1.00268495,.0001188,0.0174,298.2220,142.8260,114.3061,0,U,43700,999,2736,0,.153E-5,0
MOHAMMED VI-B,2018-095A,2026-05-16T19:30:03.842208,14.77071810,.0001267,97.9569,209.5676,80.5049,279.6305,0,U,43717,999,40355,.28672E-4,.152E-5,0
HYSIS,2018-096A,2026-05-16T19:30:06.151680,14.78623513,.0000925,97.9857,203.8034,108.9736,251.1575,0,U,43719,999,40278,.1122E-3,.77E-5,0
COSMOS 2530 (RODNIK-S 16),2018-097A,2026-05-16T17:47:23.631936,12.42880216,.0020804,82.5152,241.7937,105.0644,255.2739,0,U,43751,999,33838,-.61471E-3,-.75E-6,0
COSMOS 2531 (RODNIK-S 17),2018-097B,2026-05-16T18:20:35.517408,12.42911901,.0017933,82.5196,242.8273,122.7783,237.5027,0,U,43752,999,33840,-.30951E-3,-.33E-6,0
COSMOS 2532 (RODNIK-S 18),2018-097C,2026-05-16T20:57:06.437088,12.42908643,.0019292,82.5143,241.5600,124.6508,235.6394,0,U,43753,999,33838,-.18483E-3,-.16E-6,0
MINXSS-2,2018-099A,2026-05-16T15:08:09.367008,15.44726682,.0007079,97.4551,212.0433,31.5416,328.6255,0,U,43758,999,40925,.62919E-3,.29397E-3,0
SIRION PATHFINDER-2,2018-099B,2026-05-16T19:06:25.193088,15.14240910,.0010037,97.4275,186.6029,56.3949,303.8240,0,U,43759,999,40787,.19762E-3,.3551E-4,0
AISTECHSAT 2,2018-099L,2026-05-16T20:29:13.141248,15.15104494,.0006029,97.4317,185.5773,61.4308,298.7530,0,U,43768,999,40753,.21154E-3,.3897E-4,0
FOX-1CLIFF (AO-95),2018-099N,2026-05-16T14:37:54.460704,15.25978916,.0010469,97.4406,196.9868,100.4632,259.7786,0,U,43770,999,40840,.38345E-3,.9799E-4,0
2018-099Q,2018-099Q,2026-05-16T15:50:40.858368,15.74234445,.0004031,97.4194,215.7127,248.9432,111.1401,0,U,43772,999,40968,.11664E-2,.170272E-2,0
RANGE-A,2018-099R,2026-05-16T20:01:48.072288,15.13095008,.0012144,97.3989,180.3339,96.1868,264.0747,0,U,43773,999,40775,.17255E-3,.2995E-4,0
SNUSAT-2,2018-099AA,2026-05-16T13:40:13.609344,15.21319097,.0011468,97.4082,190.4477,54.2570,305.9731,0,U,43782,999,40822,.30377E-3,.6742E-4,0
SNUGLITE,2018-099AC,2026-05-16T14:52:13.598976,15.26440539,.0003999,97.3893,191.2240,64.7180,295.4472,0,U,43784,999,40850,.39446E-3,.10212E-3,0
ITASAT,2018-099AE,2026-05-16T14:18:09.036288,15.18618775,.0014397,97.4052,188.7444,102.7635,257.5209,0,U,43786,999,40811,.25931E-3,.5314E-4,0
EAGLET-I,2018-099AJ,2026-05-16T13:38:08.021760,15.12677634,.0012884,97.4256,187.0766,95.5413,264.7288,0,U,43790,999,40755,.17665E-3,.3032E-4,0
ESEO,2018-099AL,2026-05-16T20:21:20.319840,15.04145131,.0013543,97.4001,175.5763,82.3485,277.9279,0,U,43792,999,40709,.10746E-3,.1435E-4,0
THEA,2018-099AQ,2026-05-16T15:20:22.852032,15.33880064,.0007999,97.4462,206.0498,48.5311,311.6617,0,U,43796,999,40785,.48947E-3,.15991E-3,0
ASTROCAST 0.1,2018-099AS,2026-05-16T15:50:28.999968,15.47366736,.0003587,97.4393,214.2264,343.3802,16.7329,0,U,43798,999,40955,.57137E-3,.29193E-3,0
JY1SAT (JO-97),2018-099AX,2026-05-16T19:57:50.700384,15.32592458,.0005994,97.4150,199.5799,39.0732,321.0941,0,U,43803,999,40882,.44893E-3,.14068E-3,0
SUOMI-100,2018-099AY,2026-05-16T20:07:20.364096,15.27641345,.0010647,97.4210,197.3633,40.4803,319.7226,0,U,43804,999,40863,.38362E-3,.10311E-3,0
CENTAURI-1,2018-099BD,2026-05-16T20:34:57.242208,15.16017427,.0015871,97.4242,189.2539,79.5401,280.7619,0,U,43809,999,40775,.20769E-3,.3937E-4,0
GLOBAL-2,2018-099BG,2026-05-16T20:00:07.151904,15.08475638,.0004186,97.3583,174.6516,257.7795,102.2965,0,U,43812,999,40718,.12966E-3,.1961E-4,0
SEAHAWK-1,2018-099BQ,2026-05-16T20:27:27.366912,15.22251249,.0009724,97.3981,189.8248,66.8023,293.4237,0,U,43820,999,40776,.30406E-3,.6934E-4,0
SAUDISAT 5A,2018-102A,2026-05-16T20:37:16.810176,15.27703041,.0008241,97.3086,199.0484,238.9477,121.0954,0,U,43831,999,41089,.16185E-3,.4311E-4,0
SAUDISAT 5B,2018-102C,2026-05-16T21:12:16.000992,15.27977305,.0008928,97.3191,202.0851,242.0438,117.9899,0,U,43833,999,41101,.14262E-3,.3823E-4,0
2018-102D,2018-102D,2026-05-16T21:18:39.400992,15.63087785,.0005431,97.3444,224.7162,172.2378,187.8966,0,U,43834,999,41235,.62889E-3,.57425E-3,0
ISAT,2018-111D,2026-05-16T20:16:27.042816,15.59943971,.0007865,97.5908,69.7934,75.4774,284.7354,0,U,43879,999,40627,.77597E-3,.62896E-3,0
UWE-4,2018-111E,2026-05-16T19:18:39.028896,15.44089062,.0010608,97.5868,63.8013,81.9812,278.2639,0,U,43880,999,40593,.55721E-3,.25481E-3,0
D-STAR ONE (SPARROW),2018-111F,2026-05-16T20:06:10.634112,15.66375105,.0007609,97.6135,74.9171,101.3385,258.8730,0,U,43881,999,40645,.82463E-3,.86135E-3,0
JILIN-1 09,2019-005B,2026-05-16T20:26:25.442304,15.20214342,.000248,97.4725,232.0919,161.0669,199.0658,0,U,43943,999,40438,.15798E-3,.3354E-4,0
JILIN-1 10,2019-005E,2026-05-16T16:59:00.176352,15.25353837,.0008879,97.4768,235.5251,39.8181,320.3707,0,U,43946,999,40451,.18126E-3,.4502E-4,0
EGYPTSAT-A (MISRSAT-A),2019-008A,2026-05-16T19:30:01.766016,14.72267274,.0001297,98.0058,202.0355,80.0330,280.1024,0,U,44047,999,38862,.65581E-4,.365E-5,0
EMISAT,2019-018A,2026-05-16T19:36:51.607872,14.43671754,.0017576,98.4669,195.7855,315.4465,44.5311,0,U,44078,999,37553,.91775E-4,.268E-5,0
JILIN-1 GAOFEN 3A,2019-032C,2026-05-16T19:00:14.512032,15.31903837,.0003432,44.9733,169.6253,127.2334,232.8864,0,U,44312,999,38302,.24474E-3,.7384E-4,0
WT 1B,2019-032G,2026-05-16T15:56:57.907968,15.26542011,.0007719,44.9726,232.9155,65.7605,294.4083,0,U,44316,999,38226,.30928E-3,.7954E-4,0
PROX-1,2019-036A,2026-05-16T20:29:31.002720,14.89821207,.0006727,23.9964,323.4261,31.0822,329.0075,0,U,44339,999,36879,.10303E-2,.10424E-3,0
NPSAT1,2019-036B,2026-05-16T20:23:31.178688,14.74266513,.0007709,23.9988,61.8030,214.3255,145.6743,0,U,44340,999,36786,.5133E-3,.3719E-4,0
FORMOSAT 7-3,2019-036E,2026-05-16T20:31:25.392000,15.09546097,.0000413,23.9998,34.1416,268.2422,91.8034,0,U,44343,999,37850,.18014E-3,.3311E-4,0
FORMOSAT 7-1,2019-036L,2026-05-16T15:22:01.391232,14.96367035,.0000858,23.9974,245.0527,142.1158,217.9403,0,U,44349,999,37992,.1201E-3,.1695E-4,0
FORMOSAT 7-4,2019-036M,2026-05-16T19:06:17.637408,14.96361551,.0001049,23.9988,306.1064,168.3076,191.7449,0,U,44350,999,37936,.12756E-3,.1782E-4,0
FORMOSAT 7-2,2019-036N,2026-05-16T18:02:28.066272,14.96358551,.0000606,23.9992,0.7176,162.8637,197.1885,0,U,44351,999,37887,.13067E-3,.1817E-4,0
FORMOSAT 7-6,2019-036Q,2026-05-16T19:38:21.761088,14.96368245,.000145,23.9962,181.0868,94.4518,265.6148,0,U,44353,999,37711,.10321E-3,.15E-4,0
FORMOSAT 7-5,2019-036V,2026-05-16T06:17:32.876448,14.96366909,.00005723,23.9975,123.5832,138.2665,221.7879,0,U,44358,999,37756,.11849189E-3,.1676E-4,0
METEOR-M2 2,2019-038A,2026-05-16T21:57:17.150976,14.24357459,.0002355,98.9131,123.7407,96.2335,263.9111,0,U,44387,999,35684,.77526E-4,.133E-5,0
COSMOS 2535,2019-039A,2026-05-16T21:18:25.385184,14.91873991,.0007211,97.5781,166.2480,326.6857,33.3908,0,U,44421,999,37197,.80993E-4,.765E-5,0
GLOBAL-4,2019-054E,2026-05-16T19:42:46.622016,15.61291525,.0003866,45.0077,56.9508,140.4934,219.6244,0,U,44499,999,37545,.50143E-3,.43503E-3,0
ZY-1 02D,2019-059A,2026-05-16T20:11:58.280064,14.35449407,.0001116,98.3209,199.4333,154.5685,205.5556,0,U,44528,999,34984,.60013E-4,.13E-5,0
TAURUS-1 (JINNIUZUO 1),2019-059C,2026-05-16T18:26:32.441856,14.71732137,.0009288,98.6389,299.6610,57.5874,302.6228,0,U,44530,999,35402,.71314E-3,.4398E-4,0
ZHUHAI-1 03B,2019-060C,2026-05-16T20:55:11.722944,15.52269228,.0009569,97.5496,292.9987,77.3441,282.8880,0,U,44536,999,37146,.40696E-3,.24704E-3,0
ZHUHAI-1 03C,2019-060D,2026-05-16T17:36:03.714912,15.97182425,.0005361,97.5433,305.6661,302.9995,57.0766,0,U,44537,999,37223,.1038E-2,.449352E-2,.85607E-4
ZHUHAI-1 03D,2019-060E,2026-05-16T21:19:47.073792,15.47897318,.0007983,97.5358,285.4136,64.2223,295.9849,0,U,44538,999,37123,.48003E-3,.24976E-3,0
ZHUHAI-1 03E,2019-060F,2026-05-16T20:52:48.806976,15.39982562,.0007145,97.5573,285.7657,130.5089,229.6780,0,U,44539,999,37094,.37883E-3,.15042E-3,0
ATLAS 5 CENTAUR DEB,2018-079BG,2026-05-16T03:26:54.837600,1.77432698,.4729123,13.5906,41.9007,294.1026,24.2222,0,U,44694,999,4599,0,-.59E-6,0
GAOFEN-7,2019-072A,2026-05-16T19:51:16.561728,15.21340305,.0017683,97.2446,199.4690,141.6690,218.5806,0,U,44703,999,36287,.14094E-3,.3101E-4,0
JILIN-1 GAOFEN 2A,2019-075A,2026-05-16T20:35:11.681376,15.38409305,.0006618,97.4970,219.9379,181.9769,178.1451,0,U,44777,999,36006,.33091E-3,.12464E-3,0
NINGXIA-1 1,2019-076A,2026-05-16T19:52:25.247136,14.02035731,.0010983,45.0068,319.9899,6.5190,353.5785,0,U,44779,999,33345,.37824E-4,-.72E-6,0
NINGXIA-1 5,2019-076E,2026-05-16T20:13:06.345984,14.02083249,.001098,45.0065,319.2800,356.2772,3.7979,0,U,44783,999,33337,.11508E-4,-.112E-5,0
KL-ALPHA A,2019-077A,2026-05-16T20:01:00.251616,13.56039199,.0010642,88.9266,225.9899,189.4393,170.6563,0,U,44785,999,32148,.32165E-4,.35E-6,0
CARTOSAT-3,2019-081A,2026-05-16T19:21:02.932416,15.19215877,.0010988,97.4329,199.1730,259.3556,100.6442,0,U,44804,999,35870,.17752E-3,.3674E-4,0
JILIN-1 GAOFEN 2B,2019-086A,2026-05-16T19:43:52.051008,15.20327810,.0015612,97.4893,209.0170,72.6825,287.6117,0,U,44836,999,35572,.22851E-3,.4914E-4,0
TIANQIN 1 (CAS-6),2019-093A,2026-05-16T20:09:15.907680,14.95265054,.0011977,97.7801,220.9107,152.2584,207.9278,0,U,44879,999,34736,.14842E-3,.1577E-4,0
ETRSS-1,2019-093B,2026-05-16T20:31:41.782080,14.95676296,.0012252,97.7824,221.3583,151.0708,209.1194,0,U,44880,999,34737,.23455E-3,.2554E-4,0
TIANYAN 01,2019-093C,2026-05-16T19:27:55.757664,14.86461321,.0013319,97.7543,209.8074,184.1627,175.9480,0,U,44881,999,34675,.42713E-4,.324E-5,0
TIANYAN 02,2019-093D,2026-05-16T17:42:42.594336,15.04801571,.0015042,97.7927,231.2394,128.2792,231.9789,0,U,44882,999,34788,.42214E-3,.591E-4,0
CBERS 4A,2019-093E,2026-05-16T19:41:53.891232,14.81652752,.0000593,97.7513,205.0636,330.0552,30.0627,0,U,44883,999,34643,.136E-3,.1019E-4,0
WEILAI 1R,2019-093F,2026-05-16T17:05:20.891904,15.00349186,.001578,97.7838,226.5635,133.2269,227.0275,0,U,44884,999,34770,.3426E-3,.4249E-4,0
FLORIPASAT-1,2019-093G,2026-05-16T16:24:00.696096,15.03500911,.0012136,97.7894,230.6936,172.4100,187.7311,0,U,44885,999,34791,.3689E-3,.4975E-4,0
SHUNTIAN,2019-093H,2026-05-16T19:39:12.489120,14.94988259,.0012073,97.8010,225.1452,162.1350,198.0298,0,U,44886,999,34749,.90125E-4,.928E-5,0
2019-093L,2019-093L,2026-05-16T20:26:33.296064,14.94351637,.00128,97.7569,215.4866,148.5346,211.6642,0,U,44889,999,34712,.18959E-3,.1984E-4,0
ELEKTRO-L 3,2019-095A,2026-05-16T19:54:19.664928,1.00270969,.0000969,0.1750,79.7656,322.2311,207.0760,0,U,44903,999,2339,0,-.87E-6,0
GONETS-M 14,2019-096A,2026-05-16T21:29:16.835136,12.42869433,.0012281,82.5200,104.0392,218.2132,141.8078,0,U,44905,999,28979,.75173E-3,.114E-5,0
GONETS-M 15,2019-096B,2026-05-16T20:15:45.135360,12.42870655,.0013951,82.5219,104.5274,243.4672,116.4978,0,U,44906,999,28975,.64897E-3,.1E-5,0
GONETS-M 16,2019-096C,2026-05-16T20:54:17.265024,12.42891609,.0009792,82.5165,103.4780,290.7301,69.2729,0,U,44907,999,28974,.10156E-2,.15E-5,0
RS-44 & BREEZE-KM R/B,2019-096E,2026-05-16T21:20:00.210912,12.79748289,.0216777,82.5236,0.5064,217.3453,141.2413,0,U,44909,999,29834,.10413E-3,.36E-6,0
JILIN-1 KUANFU 01,2020-003A,2026-05-16T19:43:23.672064,15.10532931,.0010956,97.5036,211.3921,56.6952,303.5326,0,U,45016,999,35059,.16397E-3,.2643E-4,0
XINGYUN-2 01,2020-028A,2026-05-16T21:35:45.634272,15.11666029,.000797,97.4861,129.9253,322.2349,37.8321,0,U,45602,999,33011,.81288E-4,.1319E-4,0
XINGYUN-2 02,2020-028B,2026-05-16T20:57:05.070240,15.11401240,.001187,97.5078,143.4175,28.1916,331.9954,0,U,45603,999,33010,.84095E-4,.1358E-4,0
HAIYANG-1D,2020-036A,2026-05-16T18:53:38.793984,14.34162155,.0001574,98.4544,79.1517,228.0537,132.0514,0,U,45721,999,31047,.62044E-4,.131E-5,0
M2 PATHFINDER,2020-037E,2026-05-16T15:45:41.833152,15.04530356,.0009935,97.8163,327.5363,257.6999,102.3114,0,U,45727,999,32075,.10127E-3,.1356E-4,0
GAOFEN DUOMO (GFDM),2020-042A,2026-05-16T20:06:36.764064,14.76831734,.0011121,97.7769,197.8615,166.7156,193.4350,0,U,45856,999,31638,.29645E-4,.159E-5,0
ZIYUAN 3-03 (ZY 3-03),2020-051A,2026-05-16T21:03:08.395200,15.21496581,.0007042,97.2852,205.6113,66.9465,293.2513,0,U,45939,999,32258,.17865E-3,.3954E-4,0
NEMO-HD,2020-061F,2026-05-16T19:57:55.511136,15.43922152,.0002537,97.1939,199.1136,118.4454,241.7050,0,U,46277,999,31714,.20832E-3,.9385E-4,0
3CAT-5A,2020-061W,2026-05-16T15:30:23.228352,15.45067342,.0001419,97.2429,199.5966,171.5086,188.6187,0,U,46292,999,31615,.32206E-3,.15141E-3,0
3CAT-5B,2020-061X,2026-05-16T20:25:15.264768,15.46361523,.000165,97.2423,200.7232,177.1821,182.9439,0,U,46293,999,31621,.30727E-3,.15096E-3,0
NAPA-1,2020-061BA,2026-05-16T20:23:19.879296,15.63990586,.0001848,97.2489,210.0960,140.0808,220.0587,0,U,46320,999,31683,.58612E-3,.55389E-3,0
JILIN-1 GAOFEN 3E,2020-065D,2026-05-16T19:48:48.143808,15.60023524,.0009846,97.2287,188.7917,269.2199,90.7930,0,U,46457,999,31486,.56906E-3,.46181E-3,0
JILIN-1 GAOFEN 3F,2020-065E,2026-05-16T20:46:05.534112,15.57796633,.0011456,97.2241,186.3045,257.2892,102.7083,0,U,46458,999,31482,.55252E-3,.41231E-3,0
JILIN-1 GAOFEN 3G,2020-065F,2026-05-16T19:42:03.053088,15.65903785,.0012537,97.2316,192.5967,159.8103,200.3655,0,U,46459,999,31502,.63513E-3,.65079E-3,0
JILIN-1 GAOFEN 3H,2020-065G,2026-05-16T20:41:01.777632,15.63393382,.0008936,97.2257,189.1316,108.6577,251.5653,0,U,46460,999,31498,.58846E-3,.54419E-3,0
HAIYANG-2C,2020-066A,2026-05-16T20:41:28.395744,13.83372543,.0010043,65.9971,293.2760,239.9901,120.0171,0,U,46469,999,28516,.17536E-3,.112E-5,0
HJ-2A,2020-067A,2026-05-16T20:34:36.314400,14.76569905,.0003947,97.8833,215.9676,30.1409,330.0027,0,U,46478,999,30363,.12488E-3,.821E-5,0
HJ-2B,2020-067B,2026-05-16T19:49:14.052576,14.76513183,.0001316,97.8895,216.9353,74.8226,285.3130,0,U,46479,999,30363,.35424E-4,.197E-5,0
GONETS-M 17,2020-068A,2026-05-16T21:29:50.597664,12.42871795,.0023335,82.5018,6.9719,102.3909,257.9784,0,U,46486,999,25527,.20322E-3,.38E-6,0
GONETS-M 18,2020-068B,2026-05-16T20:37:30.354240,12.42871203,.0020671,82.4971,6.1244,98.8536,261.4885,0,U,46487,999,25525,.41236E-3,.67E-6,0
GONETS-M 19,2020-068C,2026-05-16T20:02:46.730112,12.42891114,.0014259,82.4996,6.5840,112.4810,247.7781,0,U,46488,999,25535,.38962E-3,.64E-6,0
DEKART,2020-068H,2026-05-16T19:49:29.213184,15.36577346,.0010247,97.8746,143.8696,46.7389,313.4708,0,U,46493,999,31095,.29195E-3,.10354E-3,0
NORBI,2020-068J,2026-05-16T19:12:54.463968,15.47048310,.0007072,97.8638,150.0337,30.3018,329.8638,0,U,46494,999,31135,.42022E-3,.21198E-3,0
SALSAT,2020-068K,2026-05-16T19:25:10.300800,15.29304779,.0011317,97.8854,137.9767,59.3506,300.8846,0,U,46495,999,31056,.2148E-3,.6032E-4,0
ICEYE-X6,2020-068M,2026-05-16T20:44:41.998272,15.04339316,.0006952,98.0966,129.0452,184.5516,175.5646,0,U,46497,999,30852,.15907E-3,.2151E-4,0
NETSAT-4,2020-068U,2026-05-16T17:50:07.144800,15.42756823,.000753,97.8609,142.4855,80.4936,279.7161,0,U,46504,999,31092,.35494E-3,.15447E-3,0
NETSAT-3,2020-068V,2026-05-16T17:23:42.192096,15.41529090,.0007532,97.8658,140.7232,93.4372,266.7735,0,U,46505,999,31083,.36342E-3,.15182E-3,0
NETSAT-1,2020-068W,2026-05-16T19:54:12.701088,15.33827700,.0006991,97.8747,135.5287,112.6519,247.5463,0,U,46506,999,31049,.32241E-3,.10472E-3,0
NETSAT-2,2020-068X,2026-05-16T18:12:20.385792,15.44585399,.0006283,97.8624,142.2898,102.6822,257.5128,0,U,46507,999,31088,.42429E-3,.19665E-3,0
TIANQI-6,2020-076D,2026-05-16T16:06:19.109664,15.06965198,.0010946,34.9991,241.8572,252.3860,107.5654,0,U,46810,999,30382,.15953E-3,.241E-4,0
KSM1-C,2020-081B,2026-05-16T16:44:25.421280,15.26198293,.0002712,36.8940,253.2680,289.4623,70.5832,0,U,46906,999,30435,.22288E-3,.5807E-4,0
KSM1-D,2020-081C,2026-05-16T17:22:17.792256,15.24260998,.0004179,36.8969,261.5197,338.0505,22.0064,0,U,46907,999,30429,.20839E-3,.5112E-4,0
KSM1-A,2020-081H,2026-05-16T16:26:15.791136,15.25449458,.0002083,36.8964,255.5030,44.3506,315.7409,0,U,46912,999,30436,.21103E-3,.5368E-4,0
R2,2020-081J,2026-05-16T16:41:54.274848,15.24958565,.0006821,36.8979,255.2617,8.6020,351.4845,0,U,46913,999,30717,.23441E-3,.5888E-4,0
KSM1-B,2020-081K,2026-05-16T17:21:07.562016,15.24059196,.0005352,36.9022,262.0554,4.3410,355.7385,0,U,46914,999,30738,.19788E-3,.482E-4,0
GONETS-M 20,2020-091A,2026-05-16T20:29:26.625696,12.42893105,.0020014,82.5029,321.9202,248.1822,111.7129,0,U,47227,999,24718,.37827E-3,.62E-6,0
GONETS-M 21,2020-091B,2026-05-16T19:51:34.701408,12.42885388,.0013782,82.4952,320.6627,263.0536,96.8976,0,U,47228,999,24717,.6237E-3,.96E-6,0
GONETS-M 22,2020-091C,2026-05-16T21:08:56.142240,12.42891346,.002091,82.5012,321.5133,243.1846,116.7095,0,U,47229,999,24713,.39299E-3,.64E-6,0
CUBEL,2021-006AM,2026-05-16T19:02:44.270016,15.40476045,.0004807,97.2356,187.6900,289.1536,70.9190,0,U,47448,999,29492,.17041E-3,.6825E-4,0
ARKTIKA-M 1,2021-016A,2026-05-14T02:22:54.177024,2.00633697,.72755444,63.2320,62.5595,269.7829,14.8431,0,U,47719,999,3810,0,-.93E-6,0
STARLINK-2342,2021-021Z,2026-05-16T18:52:09.931584,15.54911683,.0003384,53.1557,302.1525,235.3283,124.7409,0,U,47883,999,28698,.67462E-3,.45682E-3,0
GRUS-1B,2021-022C,2026-05-16T20:50:42.274176,14.98898502,.0016964,97.5422,21.0916,66.8606,293.4403,0,U,47934,999,28120,.5005E-4,.549E-5,0
2021-022F,2021-022F,2026-05-16T15:40:21.315936,15.32518877,.0009154,97.3928,37.3858,193.0771,167.0235,0,U,47937,999,28488,.21466E-3,.6669E-4,0
UNISAT-7,2021-022P,2026-05-16T17:03:13.908960,15.39580183,.0009243,97.3923,41.3251,173.8846,186.2514,0,U,47945,999,28501,.29325E-3,.11475E-3,0
2021-022X,2021-022X,2026-05-16T17:37:05.191104,15.68643180,.0007689,97.3939,51.9149,134.8465,225.3422,0,U,47953,999,28556,.6555E-3,.74921E-3,0
2021-022AC,2021-022AC,2026-05-16T17:30:15.712992,15.95119359,.0009228,97.3796,56.4524,134.7026,225.5002,0,U,47958,999,28497,.89635E-3,.348093E-2,.49821E-4
GLOBAL-9,2021-023G,2026-05-16T20:23:23.633376,15.45277725,.0002538,44.9822,66.4840,141.1559,218.9513,0,U,47971,999,29009,.36089E-3,.17243E-3,0
AII-BRAVO,2021-034C,2026-05-16T19:18:33.121728,15.03219033,.0006561,97.5647,192.4344,34.3242,325.8406,0,U,48270,999,27490,.20821E-3,.2759E-4,0
TYVAK-182A,2021-034D,2026-05-16T20:04:32.708352,15.05846903,.0007433,97.5747,196.3022,82.5260,277.6811,0,U,48271,999,27511,.27729E-3,.3966E-4,0
CSS (TIANHE),2021-035A,2026-05-16T17:48:35.699040,15.60615210,.0007344,41.4667,153.2288,244.4572,115.5507,0,U,48274,999,28825,.15443E-3,.12846E-3,0
TYVAK-0130,2021-041BF,2026-05-16T12:06:47.795904,15.27102921,.0011267,52.9936,173.1678,71.6371,288.5850,0,U,48606,999,27554,.22728E-3,.5784E-4,0
HAIYANG-2D,2021-043A,2026-05-16T20:15:44.066592,13.83372830,.0011383,66.0010,22.7346,272.9340,87.0426,0,U,48621,999,25221,.27832E-4,-.51E-6,0
2021-050D,2021-050D,2026-05-16T20:49:25.183776,15.22995042,.0006091,97.3351,213.6230,31.9163,328.2442,0,U,48843,999,27419,.2392E-3,.5557E-4,0
TYVAK-0173,2021-059P,2026-05-16T04:33:28.395072,14.81774435,.00106358,96.0084,220.5016,131.1720,229.0417,0,U,48892,999,26350,.14968686E-3,.115E-4,0
MANDRAKE 2 ABLE,2021-059AE,2026-05-16T19:42:33.624864,15.53665201,.0006255,97.7037,324.2465,106.0427,254.1515,0,U,48907,999,27225,.29752E-3,.18928E-3,0
MANDRAKE 2 BAKER,2021-059AF,2026-05-16T18:39:01.094400,15.57902024,.0004986,97.7010,326.8600,105.3298,254.8508,0,U,48908,999,27240,.31971E-3,.23794E-3,0
PACE-1,2021-059AG,2026-05-16T19:29:04.117344,15.74853703,.0002815,97.6786,331.5425,90.2968,269.8618,0,U,48909,999,27285,.46245E-3,.6841E-3,0
YAM-3,2021-059AN,2026-05-16T18:49:25.602240,15.47818023,.0006731,97.6982,321.7071,106.9932,253.2055,0,U,48915,999,27213,.19611E-3,.10093E-3,0
FARADAY_PHOENIX,2021-059AX,2026-05-16T16:39:07.267968,15.71156316,.0004876,97.6844,331.4116,98.8500,261.3314,0,U,48924,999,27270,.72284E-3,.91762E-3,0
DEMO8 (TENZING),2021-059CA,2026-05-16T12:04:25.336128,15.53729102,.0008339,97.7032,327.5412,101.5225,258.6964,0,U,48951,999,27238,.2821E-3,.17993E-3,0
NAPA-2,2021-059CN,2026-05-16T19:59:27.604032,15.85923588,.0001807,97.6765,331.8618,115.7048,244.4408,0,U,48963,999,27282,.69841E-3,.173197E-2,0
FENGYUN 3E,2021-062A,2026-05-16T20:15:10.740384,14.19902467,.0001962,98.7494,140.6011,140.3106,219.8214,0,U,49008,999,25213,.16376E-3,.304E-5,0
ISS (NAUKA),2021-066A,2026-05-16T14:02:50.573184,15.49234512,.000753,51.6318,96.5382,65.5821,294.5953,0,U,49044,999,56703,.10087E-3,.5157E-4,0
STARLINK-3100,2021-082Q,2026-05-16T15:54:51.231744,14.98317682,.0003584,69.9989,123.0613,265.2033,94.8717,0,U,49144,999,25616,.55713E-4,.572E-5,0
CUTE,2021-088D,2026-05-16T06:22:48.154368,15.79089421,.00019503,97.4205,232.8166,268.4354,91.6689,0,U,49263,999,25749,.51887116E-3,.92768E-3,0
2021-091B,2021-091B,2026-05-16T19:47:06.589248,15.18381369,.0014208,97.4475,324.8810,144.0152,216.2041,0,U,49316,999,25422,.90367E-4,.1794E-4,0
SDGSAT 1,2021-100A,2026-05-16T19:49:16.068288,15.19752001,.0009499,97.2665,184.9368,51.4128,308.7957,0,U,49387,999,25115,.5748E-4,.1164E-4,0
TEIKYOSAT-4 (OORURI),2021-102B,2026-05-16T19:56:50.972064,15.09387702,.0013244,97.3695,167.5328,47.2787,312.9555,0,U,49396,999,24799,.91851E-4,.1409E-4,0
Z-SAT,2021-102E,2026-05-16T21:21:03.771936,15.18012410,.0016576,97.3354,173.1641,3.3550,356.7792,0,U,49399,999,24869,.20738E-3,.4166E-4,0
HIBARI,2021-102F,2026-05-16T20:06:00.694656,15.31056201,.0010049,97.3262,183.1099,317.8413,42.2055,0,U,49400,999,24939,.28703E-3,.8549E-4,0
KOSEN-1,2021-102H,2026-05-16T19:26:23.324352,15.26373421,.0012403,97.3209,179.5834,324.4534,35.5877,0,U,49402,999,24923,.21972E-3,.5653E-4,0
GLOBAL-14,2021-106A,2026-05-16T06:00:18.785952,15.48997358,.0014921,42.0027,120.6408,167.5094,192.6121,0,U,49469,999,25317,.37163689E-3,.2046E-3,0
GAOFEN-3 02,2021-109A,2026-05-16T19:53:27.912192,14.42213038,.0004058,98.4094,145.3700,84.3002,275.8650,0,U,49495,999,23579,.46733E-4,.111E-5,0
GLOBAL-12,2021-115BA,2026-05-16T18:56:32.984160,15.51817298,.0002597,53.1944,195.2894,344.4205,15.6725,0,U,49772,999,25102,.38441E-3,.22979E-3,0
GLOBAL-13,2021-115BB,2026-05-16T16:33:05.308128,15.44877693,.0003584,53.1966,204.1758,34.7048,325.4193,0,U,49773,999,25089,.33269E-3,.15477E-3,0
GLOBAL-17,2021-120A,2026-05-16T16:08:59.812800,15.50621639,.0012423,41.9955,236.8390,27.0244,333.1244,0,U,49949,999,25000,.40273E-3,.23504E-3,0
GLOBAL-16,2021-120B,2026-05-16T15:29:46.972320,15.48700927,.0010688,41.9958,240.1678,16.0074,344.1105,0,U,49950,999,24995,.38227E-3,.2079E-3,0
XW-3 (CAS-9),2021-131B,2026-05-16T21:14:27.061152,14.41324944,.0004099,98.4967,229.4469,174.8012,185.3220,0,U,50466,999,23060,.10669E-3,.301E-5,0
ION SCV-004,2022-002K,2026-05-16T18:46:24.346272,15.30113982,.0009186,97.2855,195.0350,104.3237,255.9025,0,U,50993,999,24049,.14664E-3,.4203E-4,0
ETV-A1,2022-002CE,2026-05-16T19:56:50.692992,15.39984263,.0006886,97.2896,203.2404,99.8492,260.3532,0,U,51060,999,24101,.24581E-3,.9728E-4,0
BRO-5,2022-002CF,2026-05-16T20:49:56.707680,15.45571910,.0006507,97.3014,210.3014,89.1864,271.0131,0,U,51061,999,24141,.35015E-3,.1677E-3,0
LUDI TANCE 1-01A (L-SAR 01A),2022-007A,2026-05-16T20:28:53.592384,14.88416448,.0001597,97.8089,144.7190,91.6509,268.4891,0,U,51284,999,23381,.43964E-4,.353E-5,0
LUDI TANCE 1-01B (L-SAR 01B),2022-018A,2026-05-16T21:17:16.335168,14.88417757,.0001626,97.8090,144.7482,92.5605,267.5798,0,U,51822,999,22905,.45595E-4,.368E-5,0
2022-019D,2022-019D,2026-05-16T20:47:00.186432,15.66534179,.0005951,97.3674,227.7575,224.8430,135.2350,0,U,51827,999,23479,.5256E-3,.5497E-3,0
2022-019J,2022-019J,2026-05-16T21:04:45.241824,15.20300483,.0008158,97.3453,200.4976,351.6214,8.4884,0,U,51832,999,23304,.58428E-4,.1203E-4,0
JILIN-1 GAOFEN 03D15,2022-019R,2026-05-16T17:15:50.832576,15.93618978,.0006213,97.3642,232.5636,227.8658,132.2090,0,U,51839,999,23510,.97126E-3,.347578E-2,.48748E-4
JILIN-1 GAOFEN 03D12,2022-019T,2026-05-16T21:07:57.584640,15.95028030,.0006555,97.3651,232.6857,222.8902,137.1863,0,U,51841,999,23513,.10445E-2,.402805E-2,.66574E-4
2022-023F,2022-023F,2026-05-16T20:28:05.604960,15.17960542,.0128191,63.4483,20.0064,343.8517,15.8525,0,U,51951,999,23295,.72993E-3,.18295E-3,0
CZ-4C R/B,2022-027B,2026-05-16T17:52:28.570368,13.65477362,.0229784,63.3914,142.6289,22.6983,338.4019,0,U,52085,999,20774,.209E-4,-.75E-6,0
MERIDIAN 10,2022-030A,2026-05-16T01:39:18.116352,2.00616194,.6775217,62.6772,144.2440,272.8806,17.7130,0,U,52145,999,3038,0,.257E-5,0
OMNI-L1,2022-033A,2026-05-16T19:08:36.306816,14.82621479,.0005915,97.8396,216.5872,41.0841,319.0817,0,U,52157,999,22280,.13974E-3,.1073E-4,0
ENMAP,2022-033C,2026-05-16T19:46:26.657760,14.74959530,.0001496,97.9794,219.5184,84.4788,275.6592,0,U,52159,999,22203,.6398E-4,.38E-5,0
ARCSAT-1,2022-033E,2026-05-16T11:49:06.083328,15.52788265,.0003547,97.2749,228.3158,326.0448,34.0578,0,U,52161,999,23078,.19138E-3,.1175E-3,0
GLOBAL-18,2022-034B,2026-05-16T18:19:31.820736,15.44891872,.0005373,52.9825,46.6574,139.0212,221.1198,0,U,52196,999,23210,.43303E-3,.20304E-3,0
GAOFEN-3 03,2022-035A,2026-05-16T20:54:01.292256,14.42219476,.0001012,98.4068,145.9046,78.0369,282.0934,0,U,52200,999,21633,.31878E-4,.62E-6,0
DAQI-1,2022-039A,2026-05-16T18:36:27.018144,14.57656677,.0004001,98.1474,76.2790,14.0546,346.0763,0,U,52257,999,21736,.38519E-4,.131E-5,0
BRO-6,2022-047AE,2026-05-16T16:29:43.535616,15.48576272,.0005425,97.3404,227.1882,172.1921,187.9415,0,U,52422,999,22627,.54843E-3,.29229E-3,0
JILIN-1 GAOFEN 3D27,2022-048B,2026-05-16T18:27:34.693056,15.68758990,.0005377,97.5685,248.0419,158.3676,201.7813,0,U,52444,999,22454,.71913E-3,.82606E-3,0
JILIN-1 GAOFEN 3D28,2022-048C,2026-05-16T18:07:28.445376,15.70884510,.0004277,97.5627,248.0760,176.1101,184.0196,0,U,52445,999,22458,.71941E-3,.90266E-3,0
VIGORIDE-3,2022-057AE,2026-05-16T19:55:05.114784,15.26924429,.0007444,97.6562,275.9904,227.4779,132.5831,0,U,52760,999,22037,.15106E-3,.3918E-4,0
ION SCV-006,2022-057AF,2026-05-16T19:33:55.503072,15.44497226,.0016783,97.6062,283.9601,223.9955,135.9958,0,U,52761,999,22127,.17852E-3,.822E-4,0
SHERPA-AC1,2022-057AH,2026-05-16T20:41:46.351392,15.35790847,.0007424,97.6646,284.8024,194.0094,166.0944,0,U,52763,999,22089,.17384E-3,.597E-4,0
OMNI-L2,2022-057AR,2026-05-16T15:28:31.367136,14.81278949,.0008229,97.4729,201.1221,74.1107,286.1013,0,U,52771,999,21572,.11774E-3,.871E-5,0
STEP CUBE LAB-II,2022-065D,2026-05-16T21:15:54.808128,14.63249032,.0009703,98.2176,280.8924,118.7116,241.5062,0,U,52897,999,20692,.119E-3,.565E-5,0
RANDEV,2022-065E,2026-05-16T19:50:54.109824,14.63633955,.0009036,98.2162,281.1712,119.0275,241.1834,0,U,52898,999,20666,.11231E-3,.536E-5,0
SNUGLITE-II,2022-065F,2026-05-16T09:26:23.543520,14.64283145,.00086648,98.2159,281.2890,119.9133,240.2931,0,U,52899,999,20634,.12098939E-3,.59E-5,0
MIMAN,2022-065G,2026-05-16T15:07:57.360864,14.61805700,.0008776,98.2217,279.2801,120.7161,239.4906,0,U,52900,999,20583,.75584E-4,.33E-5,0
STARLINK-4362,2022-077A,2026-05-16T18:20:41.039232,15.05661086,.0001742,97.4862,316.9287,89.2042,270.9385,0,U,53043,999,21115,-.11839E-3,-.1767E-4,0
LARES-2,2022-080A,2026-05-07T03:52:33.796992,6.38965197,.0005357,70.1704,319.3995,343.8104,16.2342,0,U,53105,999,8904,0,-.8E-7,0
GREENCUBE (IO-117),2022-080E,2026-05-16T10:25:38.277120,6.42583311,.00088168,70.1434,309.2922,296.9744,63.0015,0,U,53109,999,9002,0,-.3E-7,0
STARLINK-4410,2022-084R,2026-05-16T20:00:01.999008,15.18703276,.0001593,97.6012,197.4567,75.8005,216.3471,0,U,53204,999,577,.12017E-1,.25804E-2,0
COSMOS 2558,2022-089A,2026-05-16T18:19:28.452000,15.69185988,.0002564,97.2261,239.6998,166.9598,193.1730,0,U,53323,999,21289,.6778E-3,.79145E-3,0
TECMS,2022-090A,2026-05-16T20:25:54.323616,15.21452350,.0001377,97.3150,205.8445,322.4927,37.6213,0,U,53346,999,21004,.12677E-3,.278E-4,0
DONGPO 02,2022-098J,2026-05-16T18:52:33.295008,15.68867269,.0002199,97.5488,265.4158,113.3112,246.8380,0,U,53452,999,20986,.64954E-3,.74816E-3,0
DONGPO 01,2022-098K,2026-05-16T19:17:02.755104,15.67247430,.0000796,97.5549,266.0266,153.9785,206.1515,0,U,53453,999,20983,.62748E-3,.67605E-3,0
STARLINK-4400,2022-099D,2026-05-16T19:26:29.006880,15.05651935,.0001066,97.4835,257.0565,198.9241,161.1947,0,U,53468,999,20622,.62827E-4,.848E-5,0
STARLINK-4621,2022-105AE,2026-05-16T19:30:28.913760,15.05653053,.0002559,97.4860,17.0652,77.6092,282.5421,0,U,53676,999,20348,.41502E-4,.54E-5,0
SHERPA-LTC2,2022-107BG,2026-05-16T15:04:29.988768,14.69217054,.0397485,53.2343,353.8933,137.8197,225.4098,0,U,53754,999,19790,.26827E-3,.5214E-4,0
CENTISPACE-1 S3,2022-108A,2026-05-16T19:28:51.335328,14.61221572,.0008188,53.5317,184.9958,259.4537,100.5515,0,U,53757,999,19694,.61303E-4,.115E-5,0
CENTISPACE-1 S4,2022-108B,2026-05-16T16:10:15.259872,14.61894782,.0007875,53.5291,183.2324,244.4698,115.5463,0,U,53758,999,19695,.72752E-4,.177E-5,0
BLUEWALKER-3,2022-111AL,2026-05-16T08:08:24.738144,15.37857957,.0007388,53.2282,183.4394,77.6842,282.4989,0,U,53807,999,20530,.11591E-3,.3987E-4,0
YUNHAI-1 03,2022-115A,2026-05-16T19:55:30.031680,14.32695568,.0005654,98.5535,135.3767,129.5965,230.5719,0,U,53877,999,19102,.10535E-3,.243E-5,0
CENTISPACE-1 S5,2022-126A,2026-05-16T20:37:33.742848,14.62952817,.0012721,54.9999,338.3183,11.1132,349.0141,0,U,54020,999,19245,.12122E-3,.436E-5,0
CENTISPACE-1 S6,2022-126B,2026-05-16T20:05:35.744064,14.62242159,.0014545,55.0002,340.1283,9.9913,350.1367,0,U,54021,999,19241,.10239E-3,.332E-5,0
OTB-3-GAZELLE,2022-127A,2026-05-16T17:03:26.752320,14.42662303,.0011858,98.3942,128.8963,285.3733,74.6146,0,U,54023,999,18982,.37149E-4,.8E-6,0
ASO-S,2022-129A,2026-05-16T19:57:21.906720,14.52045037,.0014182,98.2754,142.3610,183.7268,176.3824,0,U,54029,999,19087,.37957E-4,.109E-5,0
HJ-2E,2022-132A,2026-05-16T20:38:22.799040,15.21812322,.0022522,97.3799,141.8137,117.1777,243.1759,0,U,54035,999,19965,.25992E-3,.5873E-4,0
COSMOS 2561,2022-137A,2026-05-16T21:02:20.990112,15.50863424,.0011456,96.9215,197.0611,134.6400,225.5789,0,U,54109,999,20149,.20617E-3,.11856E-3,0
GONETS-M 23,2022-139A,2026-05-16T20:51:19.060704,12.42889379,.002067,82.5094,7.7591,291.6924,68.1955,0,U,54150,999,16175,.26376E-3,.46E-6,0
GONETS-M 24,2022-139B,2026-05-16T20:12:36.822240,12.42889988,.0016032,82.5010,6.8572,303.2382,56.7161,0,U,54151,999,16175,.242E-3,.43E-6,0
GONETS-M 25,2022-139C,2026-05-16T19:52:57.615168,12.42889142,.0019921,82.5070,7.5350,301.1185,58.7940,0,U,54152,999,16175,.18703E-3,.36E-6,0
SKIF-D,2022-139D,2026-05-16T06:42:18.173664,5.00437957,.0007411,89.9552,96.6772,213.4947,146.4892,0,U,54153,999,6251,0,.18E-6,0
MATS,2022-147A,2026-05-16T17:43:51.537216,15.05149031,.0011063,97.6834,138.4774,312.1178,47.9107,0,U,54227,999,19303,.1651E-3,.2292E-4,0
JILIN-1 GAOFEN 03D54,2022-155D,2026-05-16T20:56:16.281024,15.83834575,.0001624,97.6089,286.2131,163.0835,197.0489,0,U,54254,999,19532,.73486E-3,.164844E-2,0
EOS-6 (OCEANSAT-3),2022-158A,2026-05-16T20:07:00.261408,14.47020984,.0002192,98.3515,235.4513,82.7460,277.3981,0,U,54361,999,18330,.57737E-4,.167E-5,0
DONGPO 09,2022-167D,2026-05-16T19:31:04.150272,15.35598738,.0001805,97.6872,306.4431,201.0718,159.0451,0,U,54685,999,19063,.28633E-3,.9825E-4,0
DONGPO 08,2022-167E,2026-05-16T20:52:56.085312,15.32992844,.0006805,97.6834,303.8268,277.8796,82.1673,0,U,54686,999,19052,.27423E-3,.8662E-4,0
2022-167F,2022-167F,2026-05-16T19:13:27.868800,15.81781209,.0003068,97.6158,321.1171,170.1268,190.0060,0,U,54687,999,19185,.6819E-3,.138609E-2,0
DONGPO 10,2022-167H,2026-05-16T21:25:55.648416,15.33776511,.000445,97.6919,305.7285,210.2555,149.8430,0,U,54689,999,19056,.27024E-3,.8746E-4,0
JILIN-1 GAOFEN 03D48,2022-167P,2026-05-16T20:10:44.279328,15.34510758,.000573,97.6852,305.0425,217.8375,142.2465,0,U,54695,999,19058,.27668E-3,.917E-4,0
STAR VIBE,2023-001A,2026-05-16T19:55:05.036160,15.41708997,.000505,97.3190,201.1857,210.5879,149.5074,0,U,55009,999,18739,.291E-3,.12208E-3,0
BRO-8,2023-001C,2026-05-16T19:50:16.574208,15.47082782,.0005385,97.3238,201.6036,217.4281,142.6595,0,U,55011,999,18735,.55599E-3,.28133E-3,0
CONNECTA T1.2,2023-001D,2026-05-16T20:23:40.408800,15.48337838,.0006355,97.3295,207.0377,191.9664,168.1437,0,U,55012,999,18769,.49972E-3,.26401E-3,0
BIRKELAND,2023-001G,2026-05-16T19:44:47.802336,15.39490882,.0006178,97.3362,204.7240,203.1631,156.9337,0,U,55015,999,18752,.20383E-3,.7918E-4,0
ION SCV-008,2023-001AU,2026-05-16T19:28:52.958784,15.28160181,.0016409,97.5698,232.6182,121.3777,238.9070,0,U,55051,999,18654,.19681E-3,.5344E-4,0
ION SCV-007,2023-001BD,2026-05-16T16:58:54.485184,14.77522172,.0013766,97.9023,200.3445,79.3939,280.8821,0,U,55060,999,18160,.45825E-4,.276E-5,0
HUYGENS,2023-001CN,2026-05-16T19:44:54.602880,15.39489992,.0009617,97.3267,203.9944,185.6315,174.4824,0,U,55093,999,18754,.20446E-3,.795E-4,0
SHARJAHSAT-1,2023-001CZ,2026-05-16T20:02:12.724800,15.47855669,.0005535,97.3192,205.1930,199.4403,160.6637,0,U,55104,999,18764,.32271E-3,.1671E-3,0
HORUS 1,2023-025A,2026-05-16T19:42:55.375200,15.23581591,.0002247,97.3472,212.0737,108.5375,251.6107,0,U,55690,999,17927,.20016E-3,.4718E-4,0
HORUS 2,2023-032A,2026-05-16T19:00:01.241856,15.23424434,.0002862,97.3543,212.8193,138.9504,221.1949,0,U,55844,999,17670,.19808E-3,.4647E-4,0
GLOBAL-19,2023-041B,2026-05-16T17:46:30.432000,15.38348651,.0004915,42.0032,25.3550,130.0650,230.0621,0,U,55982,999,17708,.30868E-3,.1169E-3,0
BRO-9,2023-054H,2026-05-16T16:47:00.785760,15.82604621,.0007823,97.2996,52.8569,121.7234,238.4798,0,U,56185,999,17408,.87247E-3,.185549E-2,0
ION SCV-010,2023-054Q,2026-05-16T18:02:06.700416,15.25901569,.001169,97.3821,26.6542,322.7518,37.2909,0,U,56192,999,17140,.13635E-3,.3428E-4,0
TELEOS-2,2023-057C,2026-05-16T10:19:15.750624,14.96411881,.00006763,9.9883,75.3978,267.1041,92.9095,0,U,56310,999,16803,.28238216E-3,.3978E-4,0
SNIPE 4,2023-072B,2026-05-16T19:10:59.242656,15.41048284,.0007085,97.5275,341.8374,84.0865,276.1188,0,U,56744,999,16527,.46205E-3,.19034E-3,0
SNIPE 2,2023-072C,2026-05-16T20:45:43.770816,15.45191684,.0006372,97.5272,344.7402,108.0589,252.1353,0,U,56745,999,16540,.47289E-3,.22399E-3,0
2023-072G,2023-072G,2026-05-16T20:58:40.688256,15.48738613,.0005642,97.4926,343.5221,99.8660,260.3228,0,U,56749,999,16561,.45923E-3,.24584E-3,0
GEISAT PRECURSOR,2023-084C,2026-05-16T20:25:51.822336,15.34188628,.0007269,97.6182,276.7924,98.3926,261.8141,0,U,56934,999,16272,.18771E-3,.6131E-4,0
BLACKJACK ACES-3,2023-084U,2026-05-16T19:13:13.479744,15.18320255,.0004225,97.6168,271.7665,107.6900,252.4795,0,U,56950,999,16240,.16835E-3,.3385E-4,0
BLACKJACK ACES-2,2023-084Z,2026-05-16T19:22:40.371744,15.18320904,.000265,97.6165,271.8582,94.4706,265.6830,0,U,56955,999,16241,.23517E-3,.4756E-4,0
BLACKJACK ACES-1,2023-084AA,2026-05-16T20:39:48.749760,15.18169155,.0001526,97.6156,271.6903,94.9699,265.1708,0,U,56956,999,11214,.26138E-3,.5271E-4,0
ION SCV-011,2023-084AB,2026-05-16T18:39:48.546144,15.28514676,.0008146,98.1375,321.1559,139.7044,220.4798,0,U,56957,999,16101,.15735E-3,.4281E-4,0
GHOST-3,2023-084AC,2026-05-16T19:10:08.156064,15.46799430,.00069,97.6179,283.7219,56.7582,303.4328,0,U,56958,999,16316,.28426E-3,.14175E-3,0
TOMORROW-R2,2023-084AG,2026-05-16T20:10:01.683264,15.89402923,.0001906,97.5924,297.0158,278.1698,81.9358,0,U,56962,999,16405,.56555E-3,.162527E-2,.11722E-4
AFR-1,2023-084AJ,2026-05-16T19:22:05.880864,15.28264603,.0012059,97.6231,272.7583,90.5533,269.7087,0,U,56964,999,16243,.13371E-3,.3609E-4,0
METEOR-M2 3,2023-091A,2026-05-16T19:57:40.582944,14.24043810,.000278,98.6106,192.4479,257.1289,102.9580,0,U,57166,999,15005,.94329E-5,-.22E-6,0
UMKA 1 (RS40S),2023-091G,2026-05-16T20:04:46.072704,15.20431384,.0011809,97.5070,195.6600,223.0301,137.0011,0,U,57172,999,15924,.21809E-3,.4694E-4,0
2023-091H,2023-091H,2026-05-16T19:40:48.851040,15.27910523,.0009222,97.5067,199.7726,215.5433,144.5193,0,U,57173,999,15951,.32841E-3,.8883E-4,0
2023-091J,2023-091J,2026-05-16T20:33:42.509664,15.13699116,.0011722,97.5076,190.4012,253.6291,106.3652,0,U,57174,999,15889,.10844E-3,.1889E-4,0
CUBEBEL 2 (EU11S),2023-091K,2026-05-16T19:56:17.981088,15.28365992,.0009259,97.5069,199.7840,217.3129,142.7468,0,U,57175,999,15951,.35183E-3,.9656E-4,0
SITRO-AIS 5 (KATYS),2023-091L,2026-05-16T20:30:03.104640,15.28683085,.0011079,97.5079,200.4715,205.2204,154.8496,0,U,57176,999,15955,.35858E-3,.9945E-4,0
ZORKIY-2M 1,2023-091M,2026-05-16T19:46:53.611104,15.20465109,.0012479,97.5111,195.8960,219.9821,140.0497,0,U,57177,999,15923,.2447E-3,.5282E-4,0
CUBESX-HSE 3 (RS42S),2023-091N,2026-05-16T20:41:51.571680,15.30365515,.0010777,97.5110,202.0718,194.8892,165.2032,0,U,57178,999,15963,.37406E-3,.1093E-3,0
MONITOR-3 (RS58S),2023-091Q,2026-05-16T14:57:07.047072,15.27160824,.00114,97.5104,199.8511,203.2358,156.8366,0,U,57180,999,15947,.31426E-3,.8309E-4,0
MONITOR-4 (RS57S),2023-091S,2026-05-16T20:47:09.948768,15.27261553,.0011365,97.5096,200.0648,202.7898,157.2837,0,U,57182,999,15951,.32222E-3,.8548E-4,0
MONITOR-2 (RS39S),2023-091U,2026-05-16T19:39:50.811840,15.18596343,.0010394,97.5092,195.3087,214.5441,145.5119,0,U,57184,999,15919,.17187E-3,.349E-4,0
SVYATOBOR 1 (RS60S),2023-091X,2026-05-16T20:28:34.580064,15.26039662,.000934,97.5107,200.5079,192.8615,167.2386,0,U,57187,999,15953,.28687E-3,.732E-4,0
HORS 1,2023-091Y,2026-05-16T20:10:43.711680,15.26136177,.0008806,97.5086,200.2619,192.2147,167.8879,0,U,57188,999,15953,.28299E-3,.724E-4,0
VIZARD-METEO (RS38S),2023-091Z,2026-05-16T20:48:09.870624,15.34962698,.0008054,97.5109,205.7481,171.9516,188.1858,0,U,57189,999,15988,.41711E-3,.14087E-3,0
SITRO-AIS 6 (CHIRKIN),2023-091AC,2026-05-16T19:52:08.209056,15.25294697,.0011222,97.5086,199.7267,208.7567,151.3053,0,U,57192,999,15950,.30712E-3,.7672E-4,0
SITRO-AIS 8 (ANOKHIN),2023-091AD,2026-05-16T20:37:18.643584,15.31227059,.0010418,97.5074,201.9413,200.5360,159.5463,0,U,57193,999,15965,.40206E-3,.12073E-3,0
SITRO-AIS 7 (FARTUSHNIY),2023-091AE,2026-05-16T18:13:10.218720,15.24998289,.0011043,97.5084,199.4987,209.9924,150.0682,0,U,57194,999,15948,.30906E-3,.7652E-4,0
AVION KALUGA 650,2023-091AF,2026-05-16T19:54:58.605408,15.19993339,.0009644,97.5108,196.5382,211.6618,148.4038,0,U,57195,999,15926,.20103E-3,.4264E-4,0
HORS 2,2023-091AG,2026-05-16T20:47:49.411104,15.31040681,.0008447,97.5107,203.4876,183.7171,176.4009,0,U,57196,999,15973,.39009E-3,.11637E-3,0
A-SEANSAT-PG1,2023-091AH,2026-05-16T19:31:18.280992,15.35798401,.000781,97.5098,205.7515,179.3185,180.8070,0,U,57197,999,15989,.44563E-3,.15465E-3,0
SITRO-AIS 10 (BURDAEV),2023-091AK,2026-05-16T19:46:09.517728,15.37348921,.0007384,97.5098,206.6452,173.2188,186.9157,0,U,57199,999,15994,.44846E-3,.1636E-3,0
SITRO-AIS 9 (SHCHUKIN),2023-091AM,2026-05-16T20:10:24.161088,15.36895101,.0007623,97.5096,206.4161,173.8752,186.2587,0,U,57201,999,15993,.43726E-3,.15717E-3,0
UTMN 2 (RS27S),2023-091AP,2026-05-16T19:58:08.258592,15.31226682,.0008464,97.5104,203.6362,179.4753,180.6498,0,U,57203,999,15974,.34856E-3,.10448E-3,0
SITRO-AIS 12 (SMIRENNIY),2023-091AQ,2026-05-16T20:05:20.056416,15.37181320,.0007417,97.5109,206.8602,167.9399,192.2024,0,U,57204,999,15995,.45308E-3,.16441E-3,0
SITRO-AIS 11 (SHEFFER),2023-091AU,2026-05-16T20:36:41.144256,15.37575063,.0007313,97.5105,207.1102,167.3779,192.7650,0,U,57208,999,15997,.46127E-3,.16955E-3,0
H2SAT (HEINRICH HERTZ),2023-093A,2026-05-16T05:52:38.917632,1.00271164,.0000724,0.0087,287.3488,196.6935,198.7720,0,U,57213,999,1059,0,0,0
KUZGTU 1 (RS47S),2023-091AV,2026-05-16T19:50:17.617920,15.29089440,.0010832,97.5082,201.0031,198.8015,161.2826,0,U,57217,999,15958,.33962E-3,.9532E-4,0
QIANKUN-1,2023-103B,2026-05-16T02:46:46.886016,16.07654172,.00267523,96.1609,183.1757,122.6160,237.7713,0,U,57422,999,16214,.55190505E-4,.45896E-3,.2587967E-5
FENGYUN 3F,2023-111A,2026-05-16T19:53:01.965408,14.19933137,.0001312,98.6842,207.4194,113.5610,246.5705,0,U,57490,999,14441,.2737E-4,.15E-6,0
METEOR 2-1 DEB,1975-064F,2026-05-15T22:55:05.239200,14.29204825,.00057889,81.2800,31.5156,146.3855,213.7695,0,U,57492,999,39838,.16694855E-2,.4253E-4,0
HJ-2F,2023-116A,2026-05-16T19:52:06.177792,15.21844931,.0009942,97.3845,142.6045,142.2338,217.9598,0,U,57519,999,15398,.2759E-3,.621E-4,0
XRISM,2023-137A,2026-05-16T12:14:23.714016,15.12182517,.0007607,31.0013,204.7489,4.1665,355.9036,0,U,57800,999,14806,.17978E-3,.3278E-4,0
METEOR-M2 4,2024-039A,2026-05-16T21:08:54.994848,14.22426075,.0005908,98.6994,96.5764,259.6924,100.3588,0,U,59051,999,11481,.12914E-4,-.15E-6,0
GRBBETA,2024-128C,2026-05-16T00:41:01.971456,15.06357396,.00450044,61.9902,329.0722,128.0351,232.4817,0,U,60237,999,10142,.19902973E-3,.2788E-4,0
TRANSPORTER-11 OBJECT A,2024-149A,2026-05-16T16:24:47.225952,15.32363560,.0002626,97.3735,216.7246,3.5641,356.5619,0,U,60468,999,9723,.2231E-3,.6894E-4,0
WARATAH SEED-1,2024-149B,2026-05-16T19:56:34.306368,15.35107424,.0001449,97.3695,217.3965,34.7600,325.3738,0,U,60469,999,9730,.31661E-3,.1071E-3,0
PHISAT 2,2024-149C,2026-05-16T19:14:33.775584,15.30571023,.0001963,97.3762,216.2040,50.3273,309.8141,0,U,60470,999,9719,.17476E-3,.5088E-4,0
LEMUR-2-TOMATOKECHUP,2024-149D,2026-05-16T19:55:51.917664,15.35340318,.0001655,97.3802,218.8141,44.8052,315.3325,0,U,60471,999,9735,.25681E-3,.8735E-4,0
CONNECTA IOT-1,2024-149E,2026-05-16T16:46:04.242144,15.23279383,.0003037,97.3765,213.5271,59.7709,300.3829,0,U,60472,999,9700,.13039E-3,.3021E-4,0
LOPEN,2024-149F,2026-05-16T20:38:18.957696,15.38728509,.0001895,97.3782,220.0064,62.1215,298.0222,0,U,60473,999,9744,.32786E-3,.12472E-3,0
ROCK,2024-149G,2026-05-16T20:18:57.600000,15.38732494,.0001934,97.3779,220.0099,51.8028,308.3391,0,U,60474,999,9744,.31871E-3,.12122E-3,0
CONNECTA IOT-3,2024-149H,2026-05-16T20:26:23.055072,15.23290478,.0003671,97.3739,213.4399,43.4674,316.6852,0,U,60475,999,9703,.127E-3,.2942E-4,0
QUBE,2024-149J,2026-05-16T20:31:05.602080,15.45683142,.0001345,97.3781,222.7223,33.1154,327.0179,0,U,60476,999,9762,.42226E-3,.20312E-3,0
WREN-1,2024-149L,2026-05-16T20:00:07.579584,15.40267326,.0004239,97.3771,220.6484,35.3786,324.7741,0,U,60478,999,9749,.42282E-3,.16955E-3,0
TOMORROW-S1,2024-149M,2026-05-16T20:37:49.343232,15.32250082,.0002815,97.3753,217.4418,35.8825,324.2605,0,U,60479,999,9729,.17784E-3,.5459E-4,0
FLOCK 4BE-18,2024-149N,2026-05-16T20:28:45.729984,15.40796711,.0003473,97.3735,220.2812,33.8004,326.3464,0,U,60480,999,9748,.34174E-3,.13923E-3,0
FLOCK 4BE-7,2024-149P,2026-05-16T19:50:08.499264,15.38962149,.000285,97.3765,219.6615,44.0540,316.0933,0,U,60481,999,9742,.48029E-3,.18464E-3,0
FLOCK 4BE-26,2024-149S,2026-05-16T19:53:31.496064,15.60994815,.0002348,97.3685,221.4663,249.9820,110.1184,0,U,60484,999,9756,.17904E-2,.15268E-2,0
TOMORROW-S2,2024-149T,2026-05-16T19:48:23.330592,15.32263570,.0003619,97.3822,217.8667,51.8884,308.2683,0,U,60485,999,9728,.19959E-3,.614E-4,0
FLOCK 4BE-36,2024-149U,2026-05-16T20:13:29.085600,15.41687292,.0003836,97.3749,220.9208,45.5696,314.5864,0,U,60486,999,9752,.32416E-3,.13598E-3,0
FLOCK 4BE-25,2024-149V,2026-05-16T16:06:06.897024,15.37965944,.0002466,97.3803,219.6285,54.7634,305.3842,0,U,60487,999,9739,.33264E-3,.12344E-3,0
FLOCK 4BE-31,2024-149W,2026-05-16T16:54:18.837216,15.42820823,.0002963,97.3806,221.5553,57.4523,302.7010,0,U,60488,999,9752,.411E-3,.17939E-3,0
FLOCK 4BE-20,2024-149X,2026-05-16T19:31:42.570624,15.37189241,.0003844,97.3704,218.7313,43.9786,316.1763,0,U,60489,999,9739,.29351E-3,.10611E-3,0
FLOCK 4BE-23,2024-149Y,2026-05-16T19:06:52.309728,15.36828420,.0003889,97.3786,219.0728,52.0334,308.1261,0,U,60490,999,9737,.31067E-3,.11107E-3,0
FLOCK 4BE-15,2024-149Z,2026-05-16T15:33:34.377120,15.52795668,.0003392,97.3702,221.0096,136.4203,223.7318,0,U,60491,999,9752,.17445E-2,.109226E-2,0
FLOCK 4BE-17,2024-149AA,2026-05-16T19:44:01.843584,15.38809198,.0003067,97.3779,219.9674,44.7436,315.4056,0,U,60492,999,9743,.31443E-3,.11989E-3,0
NUSAT-50 (NANCY ROMAN),2024-149AB,2026-05-16T19:58:02.087904,15.29274309,.0002057,97.3792,218.3200,331.3922,28.7205,0,U,60493,999,9733,.25449E-3,.7153E-4,0
FLOCK 4BE-22,2024-149AC,2026-05-16T16:50:15.565056,15.40164336,.0003848,97.3738,219.9893,48.0436,312.1137,0,U,60494,999,9745,.37609E-3,.15016E-3,0
FLOCK 4BE-34,2024-149AD,2026-05-16T20:22:30.257184,15.40201033,.0004256,97.3784,220.9397,57.2057,302.9598,0,U,60495,999,9750,.29538E-3,.11786E-3,0
TYCHE,2024-149AE,2026-05-16T20:30:53.525088,15.25799656,.0003312,97.3757,215.0912,56.4791,303.6763,0,U,60496,999,9712,.12931E-3,.3233E-4,0
FLOCK 4BE-32,2024-149AF,2026-05-16T20:03:57.117600,15.41019463,.0004037,97.3726,220.4518,53.2942,306.8675,0,U,60497,999,9750,.37565E-3,.1543E-3,0
NUSAT-48 (HENRIETTA LEAVITT),2024-149AG,2026-05-16T19:54:20.462400,15.29889708,.0004596,97.3910,218.4887,46.4916,313.6706,0,U,60498,999,9734,.2592E-3,.7428E-4,0
FLOCK 4BE-30,2024-149AH,2026-05-16T16:13:43.279104,15.49184151,.0002048,97.3788,221.3241,163.3219,196.8100,0,U,60499,999,9688,.15825E-2,.86923E-3,0
NUSAT-49 (KLARA DAN VON NEUMANN),2024-149AJ,2026-05-16T16:15:40.332096,15.30287302,.0003779,97.3782,218.1799,65.0362,295.1271,0,U,60500,999,9731,.25581E-3,.742E-4,0
FLOCK 4BE-11,2024-149AK,2026-05-16T15:40:22.448640,15.41876612,.0004081,97.3706,220.4665,51.9615,308.2000,0,U,60501,999,9749,.36482E-3,.15416E-3,0
YAM-7,2024-149AN,2026-05-16T19:51:40.522176,15.31353146,.0004616,97.3788,217.2151,63.1292,297.0421,0,U,60504,999,9725,.18734E-3,.5596E-4,0
FLOCK 4BE-24,2024-149AP,2026-05-16T20:01:54.649920,15.41833198,.0004255,97.3724,220.8980,60.1025,300.0644,0,U,60505,999,9753,.38423E-3,.16219E-3,0
LUR-1,2024-149AQ,2026-05-16T20:21:46.802304,15.29665022,.0005451,97.3744,215.9136,68.5878,291.5943,0,U,60506,999,9718,.19084E-3,.5411E-4,0
TANAGER-1,2024-149AR,2026-05-16T16:16:54.180768,15.44595534,.000601,97.3158,230.8361,62.6675,297.5184,0,U,60507,999,9817,.17346E-3,.7982E-4,0
EAGLEEYE,2024-149AS,2026-05-16T20:05:28.775040,15.65585251,.0001543,97.3732,228.5803,31.4957,328.6395,0,U,60508,999,9802,.57833E-3,.58224E-3,0
FLOCK 4BE-29,2024-149AT,2026-05-16T16:10:54.374016,15.43047457,.0003693,97.3812,222.0995,72.8251,287.3401,0,U,60509,999,9755,.33068E-3,.14521E-3,0
TRANSPORTER-11 OBJECT AU,2024-149AU,2026-05-16T16:02:52.941120,15.39289910,.0004508,97.3735,220.1604,60.7832,299.3864,0,U,60510,999,9746,.32341E-3,.12533E-3,0
FLOCK 4BE-2,2024-149AV,2026-05-16T19:58:07.411008,15.49330582,.0003292,97.3827,223.3191,69.5317,290.6287,0,U,60511,999,9764,.75689E-3,.41503E-3,0
FLOCK 4BE-13,2024-149AW,2026-05-16T19:13:23.211840,15.40993071,.0004434,97.3726,220.9084,41.5384,318.6199,0,U,60512,999,9753,.2768E-3,.11332E-3,0
FLOCK 4BE-27,2024-149AX,2026-05-16T19:42:38.420064,15.33864744,.0005077,97.3830,218.6714,68.8412,291.3372,0,U,60513,999,9733,.21899E-3,.7096E-4,0
FLOCK 4BE-9,2024-149AY,2026-05-16T20:12:15.356160,15.39803679,.0003767,97.3797,220.8340,74.4245,285.7416,0,U,60514,999,9749,.35359E-3,.13944E-3,0
FLOCK 4BE-6,2024-149BA,2026-05-16T18:45:40.590720,15.38672149,.0004509,97.3794,220.1892,70.1351,290.0380,0,U,60516,999,9744,.338E-3,.1284E-3,0
FLOCK 4BE-14,2024-149BB,2026-05-16T20:35:25.980576,15.39970060,.0005251,97.3703,220.3769,64.7606,295.4184,0,U,60517,999,9750,.33033E-3,.13095E-3,0
FLOCK 4BE-1,2024-149BC,2026-05-16T20:10:44.257728,15.41489624,.0004815,97.3785,221.5265,65.2110,294.9637,0,U,60518,999,9754,.35563E-3,.14833E-3,0
FLOCK 4BE-28,2024-149BD,2026-05-16T20:04:35.626080,15.43751288,.0004868,97.3752,222.1509,59.4901,300.6827,0,U,60519,999,9760,.35089E-3,.15789E-3,0
IPERDRONE.0,2024-149BE,2026-05-16T20:02:27.010176,15.62282715,.0001255,97.3785,228.6114,18.9400,341.1904,0,U,60520,999,9801,.59962E-3,.53E-3,0
TRANSPORTER-11 OBJECT BF,2024-149BF,2026-05-16T17:54:52.797024,15.73319224,.0001089,97.3787,230.5592,288.9847,71.1298,0,U,60521,999,9812,.91701E-3,.128024E-2,0
CONNECTA IOT-2,2024-149BG,2026-05-16T18:59:53.356992,15.23686317,.0008098,97.3844,215.4193,79.9584,280.2567,0,U,60522,999,9711,.14252E-3,.3352E-4,0
PTD-R (TYVAK-0127),2024-149BH,2026-05-16T17:34:41.658240,15.88918295,.0001644,97.3769,234.6671,228.8091,131.3040,0,U,60523,999,9841,.59755E-3,.171458E-2,0
CONNECTA IOT-4,2024-149BJ,2026-05-16T18:56:33.722880,15.40924188,.0005889,97.3806,220.8183,56.0749,304.1056,0,U,60524,999,9749,.43012E-3,.17634E-3,0
ORESAT0.5,2024-149BK,2026-05-16T19:47:08.498688,15.43844825,.0005834,97.3729,222.3754,46.2686,313.9044,0,U,60525,999,9763,.35264E-3,.15921E-3,0
DEIMOS,2024-149BL,2026-05-16T20:09:27.023904,15.43047594,.0006026,97.3786,222.5458,52.2116,307.9676,0,U,60526,999,9761,.36107E-3,.15872E-3,0
CUAVA-2,2024-149BM,2026-05-16T16:14:46.557600,15.35347644,.0007605,97.3729,218.1613,55.8714,304.3250,0,U,60527,999,9733,.29741E-3,.10141E-3,0
ERNST,2024-149BN,2026-05-16T19:48:46.127232,15.38329096,.0007002,97.3811,220.3317,59.5774,300.6163,0,U,60528,999,9745,.29769E-3,.11176E-3,0
TORO,2024-149BQ,2026-05-16T19:27:23.984928,14.96296816,.0001735,97.6789,212.0660,97.8639,262.2779,0,U,60530,999,9526,.12565E-3,.1363E-4,0
HYPSO-2,2024-149BR,2026-05-16T16:29:49.867872,14.98622607,.0002648,97.6822,213.4080,104.0069,256.1449,0,U,60531,999,9533,.16761E-3,.1953E-4,0
LEMU NGE,2024-149BS,2026-05-16T20:36:48.902112,14.94811405,.0002572,97.6847,212.4538,107.9194,252.2307,0,U,60532,999,9527,.87914E-4,.9E-5,0
LEMUR-2-STELLA,2024-149BT,2026-05-16T20:00:05.734080,15.11072895,.0002019,97.6741,219.1700,119.0255,241.1177,0,U,60533,999,9576,.58867E-3,.9792E-4,0
SATELIOT_2,2024-149BU,2026-05-16T15:54:22.768992,14.96233272,.00014,97.6831,212.1957,114.0130,246.1238,0,U,60534,999,9525,.81748E-4,.865E-5,0
NIGHTJAR,2024-149BV,2026-05-16T19:36:11.723040,14.98817945,.0001823,97.6839,213.9616,138.5775,221.5587,0,U,60535,999,13817,.16884E-3,.1978E-4,0
LEMUR-2-MARHISYAM,2024-149BW,2026-05-16T16:05:04.474752,15.10552810,.0001893,97.6881,219.4226,180.3268,179.7961,0,U,60536,999,9572,.52874E-3,.8661E-4,0
SATELIOT_4,2024-149BX,2026-05-16T16:19:21.895392,14.96544923,.0003397,97.6739,211.7615,123.1504,237.0044,0,U,60537,999,9526,.14901E-3,.1638E-4,0
PICO-02A021,2024-149BY,2026-05-16T16:16:28.354080,15.02934669,.0007156,97.6772,215.7906,116.9083,243.2874,0,U,60538,999,9500,.27441E-3,.3627E-4,0
ICEYE-X43,2024-149BZ,2026-05-16T19:17:09.921120,14.99759979,.0004987,97.6768,214.2019,185.7674,174.3493,0,U,60539,999,9541,.17769E-3,.2137E-4,0
HAWK-10A,2024-149CA,2026-05-16T19:25:39.134208,14.96404772,.0003964,97.6892,213.2613,156.2507,203.8898,0,U,60540,999,9529,.92685E-4,.993E-5,0
UMBRA-09,2024-149CB,2026-05-16T19:29:52.898784,15.17013726,.0001389,97.6967,223.5075,124.2142,235.9223,0,U,60541,999,9596,.52606E-3,.10336E-3,0
QPS-SAR-8 (AMATERU-IV),2024-149CC,2026-05-16T20:33:37.335168,15.03784300,.0002934,97.6658,216.2782,190.4240,169.6925,0,U,60542,999,9556,.22022E-3,.2964E-4,0
ARCTIC WEATHER SATELLITE,2024-149CD,2026-05-16T18:54:28.454976,14.89799542,.0001979,97.6808,208.1488,169.5400,190.5859,0,U,60543,999,9462,.55087E-4,.475E-5,0
CAPELLA-15 (ACADIA-5),2024-149CE,2026-05-16T19:27:45.150336,14.92464196,.0004665,97.6778,210.4947,164.0952,196.0414,0,U,60544,999,9517,.88498E-4,.853E-5,0
HAWK-10B,2024-149CF,2026-05-16T19:25:26.474016,14.96405617,.0005305,97.6814,212.6479,182.1458,177.9742,0,U,60545,999,9529,.96901E-4,.1041E-4,0
ICEYE-X39,2024-149CG,2026-05-16T15:40:18.454368,14.99701760,.0002494,97.6813,214.1059,174.3309,185.7942,0,U,60546,999,9539,.94743E-4,.111E-4,0
UMBRA-10,2024-149CH,2026-05-16T19:29:14.298720,15.17019665,.0002216,97.6976,223.5327,105.8693,254.2784,0,U,60547,999,9597,.63958E-3,.12588E-3,0
ICEYE-X33,2024-149CJ,2026-05-16T18:26:33.132192,15.00917275,.0000427,97.7184,216.0997,322.4459,37.6735,0,U,60548,999,9549,.26373E-3,.3299E-4,0
ICEYE-X40,2024-149CK,2026-05-16T15:19:06.369024,14.97839392,.0005077,97.6822,213.6427,160.2341,199.9079,0,U,60549,999,9535,.12779E-3,.1445E-4,0
SATELIOT_1,2024-149CL,2026-05-16T15:09:48.153312,14.97935904,.0007033,97.6760,213.0569,163.7969,196.3479,0,U,60550,999,9534,.18009E-3,.2065E-4,0
BRO-14,2024-149CM,2026-05-16T16:40:29.368704,14.96114654,.000639,97.6878,213.0383,188.3728,171.7388,0,U,60551,999,9528,.10167E-3,.1087E-4,0
SATELIOT_3,2024-149CN,2026-05-16T16:10:43.261248,14.97911292,.0005286,97.6818,213.8613,176.7138,183.4120,0,U,60552,999,9536,.11126E-3,.1253E-4,0
BRO-15,2024-149CP,2026-05-16T16:14:05.324064,14.96068445,.0008057,97.6804,212.6518,182.7681,177.3497,0,U,60553,999,9529,.60093E-4,.618E-5,0
UM5-RIBAT,2024-149CQ,2026-05-16T16:09:08.182368,15.00883638,.0003377,97.6658,214.8983,111.8121,248.3463,0,U,60554,999,9546,.14454E-3,.178E-4,0
UM5-EOSAT,2024-149CR,2026-05-16T20:21:26.238240,15.01289362,.000709,97.6656,215.9753,207.0219,153.0637,0,U,60555,999,9551,.15223E-3,.1899E-4,0
LASARSAT,2024-247Q,2026-05-16T21:11:30.289344,15.44323500,.0005188,44.9753,77.8428,149.7413,210.3776,0,U,62391,999,7847,.55244E-3,.25764E-3,0
CROCUBE,2024-247T,2026-05-16T20:26:14.845344,15.45929311,.0004879,44.9724,75.8233,152.2127,207.9024,0,U,62394,999,7849,.59219E-3,.29231E-3,0
TEVEL2-4,2025-052D,2026-05-16T16:12:56.642976,15.33440908,.000208,97.3944,33.0383,164.5157,195.6150,0,U,63213,999,6528,.50113E-3,.16135E-3,0
TEVEL2-5,2025-052E,2026-05-16T16:37:37.253856,15.33284872,.0002069,97.3943,33.0123,162.8766,197.2546,0,U,63214,999,6528,.48598E-3,.15567E-3,0
TEVEL2-6,2025-052F,2026-05-16T10:38:21.547680,15.33241069,.0002146,97.3947,32.7475,166.3416,193.7885,0,U,63215,999,6524,.54052E-3,.17303E-3,0
TEVEL2-1,2025-052H,2026-05-16T15:46:58.747296,15.32754465,.0001579,97.3918,32.6224,179.3841,180.7403,0,U,63217,999,6526,.48122E-3,.15157E-3,0
TEVEL2-3,2025-052J,2026-05-16T15:40:47.536608,15.32802549,.0001555,97.3922,32.6363,182.3566,177.7669,0,U,63218,999,6526,.50637E-3,.15979E-3,0
TEVEL2-2,2025-052K,2026-05-16T11:05:37.154976,15.32756317,.0001524,97.3920,32.4289,182.5666,177.5568,0,U,63219,999,6523,.50314E-3,.15854E-3,0
TEVEL2-9,2025-052AD,2026-05-16T15:52:01.753824,15.30876516,.0004149,97.3981,32.0688,244.7481,115.3330,0,U,63237,999,6520,.46951E-3,.13946E-3,0
TEVEL2-7,2025-052AE,2026-05-16T08:51:55.049760,15.30601259,.00042581,97.3984,31.7067,246.7719,113.3074,0,U,63238,999,6515,.47079186E-3,.13865E-3,0
TEVEL2-8,2025-052AF,2026-05-16T04:20:52.046016,15.30578989,.00041475,97.3991,31.4970,249.1347,110.9450,0,U,63239,999,6512,.46912187E-3,.13806E-3,0
HADES-ICM,2025-052BN,2026-05-15T05:30:38.105280,15.98249306,.00098911,97.3754,39.5599,173.5382,186.6025,0,U,63492,999,6559,.18347231E-2,.842919E-2,.32853825E-3
FORESAIL-1 PRIME,2025-276DS,2026-05-16T15:08:10.616352,15.18390048,.0002164,97.4210,210.4848,174.3954,185.7305,0,U,66778,999,2561,.17567E-3,.3545E-4,0
